0.0035 0.0204338 0.00142224 5.66154e-05 6.18765e-06 4.2193e-05
0.0045 0.0262428 0.00183216 5.66154e-05 6.18765e-06 4.2193e-05
0.0055 0.0320388 0.00224368 5.66154e-05 6.18765e-06 4.2193e-05
0.0065 0.0378215 0.00265683 5.66154e-05 6.18765e-06 4.2193e-05
0.0075 0.0435899 0.00307158 5.66154e-05 6.18765e-06 4.2193e-05
0.0085 0.0493459 0.003488 5.66154e-05 6.18765e-06 4.2193e-05
0.0095 0.0550884 0.00390608 5.66154e-05 6.18765e-06 4.2193e-05
0.0105 0.0608173 0.00432583 5.66154e-05 6.18765e-06 4.2193e-05
0.0115 0.0665324 0.00474727 5.66154e-05 6.18765e-06 4.2193e-05
0.0125 0.0722337 0.00517041 5.66154e-05 6.18765e-06 4.2193e-05
0.0135 0.0779211 0.00559525 5.66154e-05 6.18765e-06 4.2193e-05
0.0145 0.0835944 0.00602182 5.66154e-05 6.18765e-06 4.2193e-05
0.0155 0.0892536 0.00645012 5.66154e-05 6.18765e-06 4.2193e-05
0.0165 0.0948985 0.00688018 5.66154e-05 6.18765e-06 4.2193e-05
0.0175 0.100529 0.007312 5.66154e-05 6.18765e-06 4.2193e-05
0.0185 0.106145 0.00774559 5.66154e-05 6.18765e-06 4.2193e-05
0.0195 0.111746 0.00818098 5.66154e-05 6.18765e-06 4.2193e-05
0.0205 0.117333 0.00861818 5.66154e-05 6.18765e-06 4.2193e-05
0.0215 0.122905 0.00905719 5.66154e-05 6.18765e-06 4.2193e-05
0.0225 0.128462 0.00949804 5.66154e-05 6.18765e-06 4.2193e-05
0.0235 0.134004 0.00994073 5.66154e-05 6.18765e-06 4.2193e-05
0.0245 0.139531 0.0103853 5.66154e-05 6.18765e-06 4.2193e-05
0.0255 0.145042 0.0108317 5.66154e-05 6.18765e-06 4.2193e-05
0.0265 0.150538 0.0112801 5.66154e-05 6.18765e-06 4.2193e-05
0.0275 0.156018 0.0117303 5.66154e-05 6.18765e-06 4.2193e-05
0.0285 0.161483 0.0121824 5.66154e-05 6.18765e-06 4.2193e-05
0.0295 0.166932 0.0126365 5.66154e-05 6.18765e-06 4.2193e-05
0.0305 0.172365 0.0130926 5.66154e-05 6.18765e-06 4.2193e-05
0.0315 0.177782 0.0135506 5.66154e-05 6.18765e-06 4.2193e-05
0.0325 0.183183 0.0140106 5.66154e-05 6.18765e-06 4.2193e-05
0.0335 0.188568 0.0144726 5.66154e-05 6.18765e-06 4.2193e-05
0.0345 0.193936 0.0149366 5.66154e-05 6.18765e-06 4.2193e-05
0.0355 0.199288 0.0154026 5.66154e-05 6.18765e-06 4.2193e-05
0.0365 0.204623 0.0158707 5.66154e-05 6.18765e-06 4.2193e-05
0.0375 0.209942 0.0163408 5.66154e-05 6.18765e-06 4.2193e-05
0.0385 0.215243 0.016813 5.66154e-05 6.18765e-06 4.2193e-05
0.0395 0.220527 0.0172873 5.66154e-05 6.18765e-06 4.2193e-05
0.0405 0.225795 0.0177637 5.66154e-05 6.18765e-06 4.2193e-05
0.0415 0.231044 0.0182422 5.66154e-05 6.18765e-06 4.2193e-05
0.0425 0.236277 0.0187229 5.66154e-05 6.18765e-06 4.2193e-05
0.0435 0.241492 0.0192057 5.66154e-05 6.18765e-06 4.2193e-05
0.0445 0.246689 0.0196907 5.66154e-05 6.18765e-06 4.2193e-05
0.0455 0.251868 0.0201778 5.66154e-05 6.18765e-06 4.2193e-05
0.0465 0.25703 0.0206672 5.66154e-05 6.18765e-06 4.2193e-05
0.0475 0.262173 0.0211588 5.66154e-05 6.18765e-06 4.2193e-05
0.0485 0.267298 0.0216526 5.66154e-05 6.18765e-06 4.2193e-05
0.0495 0.272405 0.0221487 5.66154e-05 6.18765e-06 4.2193e-05
0.0505 0.277493 0.0226471 5.66154e-05 6.18765e-06 4.2193e-05
0.0515 0.282563 0.0231477 5.66154e-05 6.18765e-06 4.2193e-05
0.0525 0.287614 0.0236507 5.66154e-05 6.18765e-06 4.2193e-05
0.0535 0.292646 0.0241559 5.66154e-05 6.18765e-06 4.2193e-05
0.0545 0.297659 0.0246635 5.66154e-05 6.18765e-06 4.2193e-05
0.0555 0.302653 0.0251735 5.66154e-05 6.18765e-06 4.2193e-05
0.0565 0.307627 0.0256858 5.66154e-05 6.18765e-06 4.2193e-05
0.0575 0.312582 0.0262005 5.66154e-05 6.18765e-06 4.2193e-05
0.0585 0.317517 0.0267176 5.66154e-05 6.18765e-06 4.2193e-05
0.0595 0.322433 0.0272372 5.66154e-05 6.18765e-06 4.2193e-05
0.0605 0.327329 0.0277591 5.66154e-05 6.18765e-06 4.2193e-05
0.0615 0.332205 0.0282836 5.66154e-05 6.18765e-06 4.2193e-05
0.0625 0.33706 0.0288104 5.66154e-05 6.18765e-06 4.2193e-05
0.0635 0.341896 0.0293398 5.66154e-05 6.18765e-06 4.2193e-05
0.0645 0.346711 0.0298717 5.66154e-05 6.18765e-06 4.2193e-05
0.0655 0.351505 0.0304061 5.66154e-05 6.18765e-06 4.2193e-05
0.0665 0.356279 0.0309431 5.66154e-05 6.18765e-06 4.2193e-05
0.0675 0.361032 0.0314826 5.66154e-05 6.18765e-06 4.2193e-05
0.0685 0.365764 0.0320246 5.66154e-05 6.18765e-06 4.2193e-05
0.0695 0.370475 0.0325693 5.66154e-05 6.18765e-06 4.2193e-05
0.0705 0.375165 0.0331165 5.66154e-05 6.18765e-06 4.2193e-05
0.0715 0.379833 0.0336664 5.66154e-05 6.18765e-06 4.2193e-05
0.0725 0.38448 0.0342189 5.66154e-05 6.18765e-06 4.2193e-05
0.0735 0.389105 0.0347741 5.66154e-05 6.18765e-06 4.2193e-05
0.0745 0.393709 0.0353319 5.66154e-05 6.18765e-06 4.2193e-05
0.0755 0.39829 0.0358925 5.66154e-05 6.18765e-06 4.2193e-05
0.0765 0.40285 0.0364557 5.66154e-05 6.18765e-06 4.2193e-05
0.0775 0.407388 0.0370216 5.66154e-05 6.18765e-06 4.2193e-05
0.0785 0.411903 0.0375903 5.66154e-05 6.18765e-06 4.2193e-05
0.0795 0.416396 0.0381617 5.66154e-05 6.18765e-06 4.2193e-05
0.0805 0.420866 0.0387359 5.66154e-05 6.18765e-06 4.2193e-05
0.0815 0.425313 0.0393129 5.66154e-05 6.18765e-06 4.2193e-05
0.0825 0.429738 0.0398926 5.66154e-05 6.18765e-06 4.2193e-05
0.0835 0.43414 0.0404752 5.66154e-05 6.18765e-06 4.2193e-05
0.0845 0.438519 0.0410606 5.66154e-05 6.18765e-06 4.2193e-05
0.0855 0.442875 0.0416488 5.66154e-05 6.18765e-06 4.2193e-05
0.0865 0.447208 0.0422399 5.66154e-05 6.18765e-06 4.2193e-05
0.0875 0.451517 0.0428338 5.66154e-05 6.18765e-06 4.2193e-05
0.0885 0.455803 0.0434306 5.66154e-05 6.18765e-06 4.2193e-05
0.0895 0.460065 0.0440304 5.66154e-05 6.18765e-06 4.2193e-05
0.0905 0.464304 0.044633 5.66154e-05 6.18765e-06 4.2193e-05
0.0915 0.468518 0.0452385 5.66154e-05 6.18765e-06 4.2193e-05
0.0925 0.472709 0.045847 5.66154e-05 6.18765e-06 4.2193e-05
0.0935 0.476876 0.0464584 5.66154e-05 6.18765e-06 4.2193e-05
0.0945 0.481018 0.0470728 5.66154e-05 6.18765e-06 4.2193e-05
0.0955 0.485137 0.0476902 5.66154e-05 6.18765e-06 4.2193e-05
0.0965 0.489231 0.0483105 5.66154e-05 6.18765e-06 4.2193e-05
0.0975 0.493301 0.0489338 5.66154e-05 6.18765e-06 4.2193e-05
0.0985 0.497346 0.0495602 5.66154e-05 6.18765e-06 4.2193e-05
0.0995 0.501367 0.0501895 5.66154e-05 6.18765e-06 4.2193e-05
0.1005 0.505363 0.0508219 5.66154e-05 6.18765e-06 4.2193e-05
0.1015 0.509334 0.0514573 5.66154e-05 6.18765e-06 4.2193e-05
0.1025 0.51328 0.0520958 5.66154e-05 6.18765e-06 4.2193e-05
0.1035 0.517202 0.0527373 5.66154e-05 6.18765e-06 4.2193e-05
0.1045 0.521099 0.0533819 5.66154e-05 6.18765e-06 4.2193e-05
0.1055 0.52497 0.0540296 5.66154e-05 6.18765e-06 4.2193e-05
0.1065 0.528816 0.0546803 5.66154e-05 6.18765e-06 4.2193e-05
0.1075 0.532638 0.0553341 5.66154e-05 6.18765e-06 4.2193e-05
0.1085 0.536433 0.0559911 5.66154e-05 6.18765e-06 4.2193e-05
0.1095 0.540204 0.0566511 5.66154e-05 6.18765e-06 4.2193e-05
0.1105 0.543949 0.0573143 5.66154e-05 6.18765e-06 4.2193e-05
0.1115 0.547669 0.0579805 5.66154e-05 6.18765e-06 4.2193e-05
0.1125 0.551363 0.0586499 5.66154e-05 6.18765e-06 4.2193e-05
0.1135 0.555032 0.0593224 5.66154e-05 6.18765e-06 4.2193e-05
0.1145 0.558676 0.0599981 5.66154e-05 6.18765e-06 4.2193e-05
0.1155 0.562293 0.0606769 5.66154e-05 6.18765e-06 4.2193e-05
0.1165 0.565885 0.0613588 5.66154e-05 6.18765e-06 4.2193e-05
0.1175 0.569452 0.0620439 5.66154e-05 6.18765e-06 4.2193e-05
0.1185 0.572993 0.0627322 5.66154e-05 6.18765e-06 4.2193e-05
0.1195 0.576508 0.0634236 5.66154e-05 6.18765e-06 4.2193e-05
0.1205 0.579997 0.0641181 5.66154e-05 6.18765e-06 4.2193e-05
0.1215 0.58346 0.0648158 5.66154e-05 6.18765e-06 4.2193e-05
0.1225 0.586898 0.0655167 5.66154e-05 6.18765e-06 4.2193e-05
0.1235 0.59031 0.0662207 5.66154e-05 6.18765e-06 4.2193e-05
0.1245 0.593697 0.0669279 5.66154e-05 6.18765e-06 4.2193e-05
0.1255 0.597057 0.0676383 5.66154e-05 6.18765e-06 4.2193e-05
0.1265 0.600392 0.0683518 5.66154e-05 6.18765e-06 4.2193e-05
0.1275 0.603701 0.0690685 5.66154e-05 6.18765e-06 4.2193e-05
0.1285 0.606984 0.0697883 5.66154e-05 6.18765e-06 4.2193e-05
0.1295 0.610242 0.0705113 5.66154e-05 6.18765e-06 4.2193e-05
0.1305 0.613474 0.0712374 5.66154e-05 6.18765e-06 4.2193e-05
0.1315 0.61668 0.0719667 5.66154e-05 6.18765e-06 4.2193e-05
0.1325 0.61986 0.0726992 5.66154e-05 6.18765e-06 4.2193e-05
0.1335 0.623015 0.0734348 5.66154e-05 6.18765e-06 4.2193e-05
0.1345 0.626145 0.0741735 5.66154e-05 6.18765e-06 4.2193e-05
0.1355 0.629248 0.0749153 5.66154e-05 6.18765e-06 4.2193e-05
0.1365 0.632327 0.0756603 5.66154e-05 6.18765e-06 4.2193e-05
0.1375 0.63538 0.0764084 5.66154e-05 6.18765e-06 4.2193e-05
0.1385 0.638407 0.0771597 5.66154e-05 6.18765e-06 4.2193e-05
0.1395 0.641409 0.077914 5.66154e-05 6.18765e-06 4.2193e-05
0.1405 0.644386 0.0786714 5.66154e-05 6.18765e-06 4.2193e-05
0.1415 0.647338 0.0794319 5.66154e-05 6.18765e-06 4.2193e-05
0.1425 0.650264 0.0801956 5.66154e-05 6.18765e-06 4.2193e-05
0.1435 0.653166 0.0809622 5.66154e-05 6.18765e-06 4.2193e-05
0.1445 0.656042 0.081732 5.66154e-05 6.18765e-06 4.2193e-05
0.1455 0.658894 0.0825048 5.66154e-05 6.18765e-06 4.2193e-05
0.1465 0.66172 0.0832807 5.66154e-05 6.18765e-06 4.2193e-05
0.1475 0.664522 0.0840596 5.66154e-05 6.18765e-06 4.2193e-05
0.1485 0.667299 0.0848415 5.66154e-05 6.18765e-06 4.2193e-05
0.1495 0.670052 0.0856264 5.66154e-05 6.18765e-06 4.2193e-05
0.1505 0.67278 0.0864144 5.66154e-05 6.18765e-06 4.2193e-05
0.1515 0.675484 0.0872053 5.66154e-05 6.18765e-06 4.2193e-05
0.1525 0.678164 0.0879992 5.66154e-05 6.18765e-06 4.2193e-05
0.1535 0.680819 0.0887961 5.66154e-05 6.18765e-06 4.2193e-05
0.1545 0.68345 0.0895959 5.66154e-05 6.18765e-06 4.2193e-05
0.1555 0.686058 0.0903987 5.66154e-05 6.18765e-06 4.2193e-05
0.1565 0.688641 0.0912044 5.66154e-05 6.18765e-06 4.2193e-05
0.1575 0.691201 0.092013 5.66154e-05 6.18765e-06 4.2193e-05
0.1585 0.693737 0.0928245 5.66154e-05 6.18765e-06 4.2193e-05
0.1595 0.69625 0.0936389 5.66154e-05 6.18765e-06 4.2193e-05
0.1605 0.69874 0.0944561 5.66154e-05 6.18765e-06 4.2193e-05
0.1615 0.701206 0.0952762 5.66154e-05 6.18765e-06 4.2193e-05
0.1625 0.703649 0.0960991 5.66154e-05 6.18765e-06 4.2193e-05
0.1635 0.706069 0.0969249 5.66154e-05 6.18765e-06 4.2193e-05
0.1645 0.708467 0.0977534 5.66154e-05 6.18765e-06 4.2193e-05
0.1655 0.710841 0.0985847 5.66154e-05 6.18765e-06 4.2193e-05
0.1665 0.713194 0.0994188 5.66154e-05 6.18765e-06 4.2193e-05
0.1675 0.715523 0.100256 5.66154e-05 6.18765e-06 4.2193e-05
0.1685 0.717831 0.101095 5.66154e-05 6.18765e-06 4.2193e-05
0.1695 0.720116 0.101937 5.66154e-05 6.18765e-06 4.2193e-05
0.1705 0.72238 0.102782 5.66154e-05 6.18765e-06 4.2193e-05
0.1715 0.724621 0.10363 5.66154e-05 6.18765e-06 4.2193e-05
0.1725 0.726841 0.10448 5.66154e-05 6.18765e-06 4.2193e-05
0.1735 0.72904 0.105333 5.66154e-05 6.18765e-06 4.2193e-05
0.1745 0.731217 0.106189 5.66154e-05 6.18765e-06 4.2193e-05
0.1755 0.733373 0.107047 5.66154e-05 6.18765e-06 4.2193e-05
0.1765 0.735508 0.107908 5.66154e-05 6.18765e-06 4.2193e-05
0.1775 0.737622 0.108771 5.66154e-05 6.18765e-06 4.2193e-05
0.1785 0.739716 0.109637 5.66154e-05 6.18765e-06 4.2193e-05
0.1795 0.741789 0.110505 5.66154e-05 6.18765e-06 4.2193e-05
0.1805 0.743841 0.111376 5.66154e-05 6.18765e-06 4.2193e-05
0.1815 0.745873 0.112249 5.66154e-05 6.18765e-06 4.2193e-05
0.1825 0.747886 0.113125 5.66154e-05 6.18765e-06 4.2193e-05
0.1835 0.749878 0.114003 5.66154e-05 6.18765e-06 4.2193e-05
0.1845 0.751851 0.114884 5.66154e-05 6.18765e-06 4.2193e-05
0.1855 0.753804 0.115767 5.66154e-05 6.18765e-06 4.2193e-05
0.1865 0.755737 0.116653 5.66154e-05 6.18765e-06 4.2193e-05
0.1875 0.757652 0.11754 5.66154e-05 6.18765e-06 4.2193e-05
0.1885 0.759547 0.118431 5.66154e-05 6.18765e-06 4.2193e-05
0.1895 0.761424 0.119323 5.66154e-05 6.18765e-06 4.2193e-05
0.1905 0.763281 0.120218 5.66154e-05 6.18765e-06 4.2193e-05
0.1915 0.765121 0.121115 5.66154e-05 6.18765e-06 4.2193e-05
0.1925 0.766941 0.122014 5.66154e-05 6.18765e-06 4.2193e-05
0.1935 0.768744 0.122916 5.66154e-05 6.18765e-06 4.2193e-05
0.1945 0.770529 0.123819 5.66154e-05 6.18765e-06 4.2193e-05
0.1955 0.772295 0.124725 5.66154e-05 6.18765e-06 4.2193e-05
0.1965 0.774044 0.125633 5.66154e-05 6.18765e-06 4.2193e-05
0.1975 0.775776 0.126544 5.66154e-05 6.18765e-06 4.2193e-05
0.1985 0.77749 0.127456 5.66154e-05 6.18765e-06 4.2193e-05
0.1995 0.779187 0.12837 5.66154e-05 6.18765e-06 4.2193e-05
0.2005 0.780866 0.129287 5.66154e-05 6.18765e-06 4.2193e-05
0.2015 0.782529 0.130206 5.66154e-05 6.18765e-06 4.2193e-05
0.2025 0.784176 0.131126 5.66154e-05 6.18765e-06 4.2193e-05
0.2035 0.785805 0.132049 5.66154e-05 6.18765e-06 4.2193e-05
0.2045 0.787419 0.132974 5.66154e-05 6.18765e-06 4.2193e-05
0.2055 0.789016 0.133901 5.66154e-05 6.18765e-06 4.2193e-05
0.2065 0.790597 0.134829 5.66154e-05 6.18765e-06 4.2193e-05
0.2075 0.792162 0.13576 5.66154e-05 6.18765e-06 4.2193e-05
0.2085 0.793712 0.136692 5.66154e-05 6.18765e-06 4.2193e-05
0.2095 0.795246 0.137627 5.66154e-05 6.18765e-06 4.2193e-05
0.2105 0.796764 0.138563 5.66154e-05 6.18765e-06 4.2193e-05
0.2115 0.798268 0.139502 5.66154e-05 6.18765e-06 4.2193e-05
0.2125 0.799756 0.140442 5.66154e-05 6.18765e-06 4.2193e-05
0.2135 0.801229 0.141384 5.66154e-05 6.18765e-06 4.2193e-05
0.2145 0.802688 0.142327 5.66154e-05 6.18765e-06 4.2193e-05
0.2155 0.804132 0.143273 5.66154e-05 6.18765e-06 4.2193e-05
0.2165 0.805562 0.14422 5.66154e-05 6.18765e-06 4.2193e-05
0.2175 0.806977 0.145169 5.66154e-05 6.18765e-06 4.2193e-05
0.2185 0.808378 0.14612 5.66154e-05 6.18765e-06 4.2193e-05
0.2195 0.809765 0.147072 5.66154e-05 6.18765e-06 4.2193e-05
0.2205 0.811139 0.148027 5.66154e-05 6.18765e-06 4.2193e-05
0.2215 0.812499 0.148982 5.66154e-05 6.18765e-06 4.2193e-05
0.2225 0.813845 0.14994 5.66154e-05 6.18765e-06 4.2193e-05
0.2235 0.815178 0.150899 5.66154e-05 6.18765e-06 4.2193e-05
0.2245 0.816497 0.15186 5.66154e-05 6.18765e-06 4.2193e-05
0.2255 0.817804 0.152822 5.66154e-05 6.18765e-06 4.2193e-05
0.2265 0.819097 0.153786 5.66154e-05 6.18765e-06 4.2193e-05
0.2275 0.820378 0.154752 5.66154e-05 6.18765e-06 4.2193e-05
0.2285 0.821647 0.155719 5.66154e-05 6.18765e-06 4.2193e-05
0.2295 0.822902 0.156687 5.66154e-05 6.18765e-06 4.2193e-05
0.2305 0.824146 0.157658 5.66154e-05 6.18765e-06 4.2193e-05
0.2315 0.825377 0.158629 5.66154e-05 6.18765e-06 4.2193e-05
0.2325 0.826596 0.159602 5.66154e-05 6.18765e-06 4.2193e-05
0.2335 0.827803 0.160577 5.66154e-05 6.18765e-06 4.2193e-05
0.2345 0.828998 0.161553 5.66154e-05 6.18765e-06 4.2193e-05
0.2355 0.830182 0.16253 5.66154e-05 6.18765e-06 4.2193e-05
0.2365 0.831354 0.163509 5.66154e-05 6.18765e-06 4.2193e-05
0.2375 0.832514 0.16449 5.66154e-05 6.18765e-06 4.2193e-05
0.2385 0.833664 0.165471 5.66154e-05 6.18765e-06 4.2193e-05
0.2395 0.834802 0.166454 5.66154e-05 6.18765e-06 4.2193e-05
0.2405 0.835929 0.167439 5.66154e-05 6.18765e-06 4.2193e-05
0.2415 0.837045 0.168424 5.66154e-05 6.18765e-06 4.2193e-05
0.2425 0.838151 0.169412 5.66154e-05 6.18765e-06 4.2193e-05
0.2435 0.839246 0.1704 5.66154e-05 6.18765e-06 4.2193e-05
0.2445 0.84033 0.17139 5.66154e-05 6.18765e-06 4.2193e-05
0.2455 0.841404 0.17238 5.66154e-05 6.18765e-06 4.2193e-05
0.2465 0.842467 0.173373 5.66154e-05 6.18765e-06 4.2193e-05
0.2475 0.843521 0.174366 5.66154e-05 6.18765e-06 4.2193e-05
0.2485 0.844564 0.175361 5.66154e-05 6.18765e-06 4.2193e-05
0.2495 0.845598 0.176357 5.66154e-05 6.18765e-06 4.2193e-05
0.2505 0.846622 0.177354 5.66154e-05 6.18765e-06 4.2193e-05
0.2515 0.847636 0.178352 5.66154e-05 6.18765e-06 4.2193e-05
0.2525 0.84864 0.179352 5.66154e-05 6.18765e-06 4.2193e-05
0.2535 0.849635 0.180352 5.66154e-05 6.18765e-06 4.2193e-05
0.2545 0.85062 0.181354 5.66154e-05 6.18765e-06 4.2193e-05
0.2555 0.851597 0.182357 5.66154e-05 6.18765e-06 4.2193e-05
0.2565 0.852564 0.183361 5.66154e-05 6.18765e-06 4.2193e-05
0.2575 0.853522 0.184366 5.66154e-05 6.18765e-06 4.2193e-05
0.2585 0.854471 0.185372 5.66154e-05 6.18765e-06 4.2193e-05
0.2595 0.855412 0.18638 5.66154e-05 6.18765e-06 4.2193e-05
0.2605 0.856343 0.187388 5.66154e-05 6.18765e-06 4.2193e-05
0.2615 0.857266 0.188397 5.66154e-05 6.18765e-06 4.2193e-05
0.2625 0.858181 0.189408 5.66154e-05 6.18765e-06 4.2193e-05
0.2635 0.859087 0.190419 5.66154e-05 6.18765e-06 4.2193e-05
0.2645 0.859984 0.191432 5.66154e-05 6.18765e-06 4.2193e-05
0.2655 0.860874 0.192446 5.66154e-05 6.18765e-06 4.2193e-05
0.2665 0.861755 0.19346 5.66154e-05 6.18765e-06 4.2193e-05
0.2675 0.862628 0.194476 5.66154e-05 6.18765e-06 4.2193e-05
0.2685 0.863494 0.195492 5.66154e-05 6.18765e-06 4.2193e-05
0.2695 0.864351 0.19651 5.66154e-05 6.18765e-06 4.2193e-05
0.2705 0.865201 0.197528 5.66154e-05 6.18765e-06 4.2193e-05
0.2715 0.866043 0.198547 5.66154e-05 6.18765e-06 4.2193e-05
0.2725 0.866877 0.199568 5.66154e-05 6.18765e-06 4.2193e-05
0.2735 0.867704 0.200589 5.66154e-05 6.18765e-06 4.2193e-05
0.2745 0.868524 0.201611 5.66154e-05 6.18765e-06 4.2193e-05
0.2755 0.869336 0.202634 5.66154e-05 6.18765e-06 4.2193e-05
0.2765 0.870141 0.203658 5.66154e-05 6.18765e-06 4.2193e-05
0.2775 0.870938 0.204683 5.66154e-05 6.18765e-06 4.2193e-05
0.2785 0.871729 0.205709 5.66154e-05 6.18765e-06 4.2193e-05
0.2795 0.872513 0.206735 5.66154e-05 6.18765e-06 4.2193e-05
0.2805 0.87329 0.207763 5.66154e-05 6.18765e-06 4.2193e-05
0.2815 0.87406 0.208791 5.66154e-05 6.18765e-06 4.2193e-05
0.2825 0.874823 0.20982 5.66154e-05 6.18765e-06 4.2193e-05
0.2835 0.875579 0.21085 5.66154e-05 6.18765e-06 4.2193e-05
0.2845 0.876329 0.21188 5.66154e-05 6.18765e-06 4.2193e-05
0.2855 0.877073 0.212912 5.66154e-05 6.18765e-06 4.2193e-05
0.2865 0.87781 0.213944 5.66154e-05 6.18765e-06 4.2193e-05
0.2875 0.87854 0.214977 5.66154e-05 6.18765e-06 4.2193e-05
0.2885 0.879264 0.216011 5.66154e-05 6.18765e-06 4.2193e-05
0.2895 0.879983 0.217046 5.66154e-05 6.18765e-06 4.2193e-05
0.2905 0.880694 0.218081 5.66154e-05 6.18765e-06 4.2193e-05
0.2915 0.8814 0.219117 5.66154e-05 6.18765e-06 4.2193e-05
0.2925 0.8821 0.220154 5.66154e-05 6.18765e-06 4.2193e-05
0.2935 0.882794 0.221192 5.66154e-05 6.18765e-06 4.2193e-05
0.2945 0.883482 0.22223 5.66154e-05 6.18765e-06 4.2193e-05
0.2955 0.884164 0.223269 5.66154e-05 6.18765e-06 4.2193e-05
0.2965 0.88484 0.224309 5.66154e-05 6.18765e-06 4.2193e-05
0.2975 0.885511 0.225349 5.66154e-05 6.18765e-06 4.2193e-05
0.2985 0.886176 0.22639 5.66154e-05 6.18765e-06 4.2193e-05
0.2995 0.886835 0.227432 5.66154e-05 6.18765e-06 4.2193e-05
0.3005 0.887489 0.228474 5.66154e-05 6.18765e-06 4.2193e-05
0.3015 0.888138 0.229517 5.66154e-05 6.18765e-06 4.2193e-05
0.3025 0.888781 0.230561 5.66154e-05 6.18765e-06 4.2193e-05
0.3035 0.889419 0.231606 5.66154e-05 6.18765e-06 4.2193e-05
0.3045 0.890051 0.232651 5.66154e-05 6.18765e-06 4.2193e-05
0.3055 0.890679 0.233696 5.66154e-05 6.18765e-06 4.2193e-05
0.3065 0.891301 0.234743 5.66154e-05 6.18765e-06 4.2193e-05
0.3075 0.891918 0.23579 5.66154e-05 6.18765e-06 4.2193e-05
0.3085 0.89253 0.236837 5.66154e-05 6.18765e-06 4.2193e-05
0.3095 0.893137 0.237886 5.66154e-05 6.18765e-06 4.2193e-05
0.3105 0.89374 0.238934 5.66154e-05 6.18765e-06 4.2193e-05
0.3115 0.894337 0.239984 5.66154e-05 6.18765e-06 4.2193e-05
0.3125 0.89493 0.241034 5.66154e-05 6.18765e-06 4.2193e-05
0.3135 0.895517 0.242084 5.66154e-05 6.18765e-06 4.2193e-05
0.3145 0.896101 0.243136 5.66154e-05 6.18765e-06 4.2193e-05
0.3155 0.896679 0.244187 5.66154e-05 6.18765e-06 4.2193e-05
0.3165 0.897253 0.24524 5.66154e-05 6.18765e-06 4.2193e-05
0.3175 0.897822 0.246292 5.66154e-05 6.18765e-06 4.2193e-05
0.3185 0.898387 0.247346 5.66154e-05 6.18765e-06 4.2193e-05
0.3195 0.898947 0.2484 5.66154e-05 6.18765e-06 4.2193e-05
0.3205 0.899503 0.249454 5.66154e-05 6.18765e-06 4.2193e-05
0.3215 0.900055 0.250509 5.66154e-05 6.18765e-06 4.2193e-05
0.3225 0.900602 0.251565 5.66154e-05 6.18765e-06 4.2193e-05
0.3235 0.901145 0.252621 5.66154e-05 6.18765e-06 4.2193e-05
0.3245 0.901684 0.253677 5.66154e-05 6.18765e-06 4.2193e-05
0.3255 0.902219 0.254735 5.66154e-05 6.18765e-06 4.2193e-05
0.3265 0.902749 0.255792 5.66154e-05 6.18765e-06 4.2193e-05
0.3275 0.903276 0.25685 5.66154e-05 6.18765e-06 4.2193e-05
0.3285 0.903798 0.257909 5.66154e-05 6.18765e-06 4.2193e-05
0.3295 0.904316 0.258968 5.66154e-05 6.18765e-06 4.2193e-05
0.3305 0.904831 0.260028 5.66154e-05 6.18765e-06 4.2193e-05
0.3315 0.905341 0.261088 5.66154e-05 6.18765e-06 4.2193e-05
0.3325 0.905848 0.262148 5.66154e-05 6.18765e-06 4.2193e-05
0.3335 0.906351 0.263209 5.66154e-05 6.18765e-06 4.2193e-05
0.3345 0.90685 0.264271 5.66154e-05 6.18765e-06 4.2193e-05
0.3355 0.907345 0.265333 5.66154e-05 6.18765e-06 4.2193e-05
0.3365 0.907837 0.266395 5.66154e-05 6.18765e-06 4.2193e-05
0.3375 0.908325 0.267458 5.66154e-05 6.18765e-06 4.2193e-05
0.3385 0.908809 0.268521 5.66154e-05 6.18765e-06 4.2193e-05
0.3395 0.90929 0.269585 5.66154e-05 6.18765e-06 4.2193e-05
0.3405 0.909767 0.270649 5.66154e-05 6.18765e-06 4.2193e-05
0.3415 0.91024 0.271714 5.66154e-05 6.18765e-06 4.2193e-05
0.3425 0.91071 0.272779 5.66154e-05 6.18765e-06 4.2193e-05
0.3435 0.911177 0.273844 5.66154e-05 6.18765e-06 4.2193e-05
0.3445 0.91164 0.27491 5.66154e-05 6.18765e-06 4.2193e-05
0.3455 0.9121 0.275976 5.66154e-05 6.18765e-06 4.2193e-05
0.3465 0.912557 0.277043 5.66154e-05 6.18765e-06 4.2193e-05
0.3475 0.91301 0.27811 5.66154e-05 6.18765e-06 4.2193e-05
0.3485 0.91346 0.279177 5.66154e-05 6.18765e-06 4.2193e-05
0.3495 0.913907 0.280245 5.66154e-05 6.18765e-06 4.2193e-05
0.3505 0.91435 0.281314 5.66154e-05 6.18765e-06 4.2193e-05
0.3515 0.914791 0.282382 5.66154e-05 6.18765e-06 4.2193e-05
0.3525 0.915228 0.283451 5.66154e-05 6.18765e-06 4.2193e-05
0.3535 0.915662 0.284521 5.66154e-05 6.18765e-06 4.2193e-05
0.3545 0.916093 0.285591 5.66154e-05 6.18765e-06 4.2193e-05
0.3555 0.916521 0.286661 5.66154e-05 6.18765e-06 4.2193e-05
0.3565 0.916946 0.287731 5.66154e-05 6.18765e-06 4.2193e-05
0.3575 0.917368 0.288802 5.66154e-05 6.18765e-06 4.2193e-05
0.3585 0.917787 0.289874 5.66154e-05 6.18765e-06 4.2193e-05
0.3595 0.918203 0.290945 5.66154e-05 6.18765e-06 4.2193e-05
0.3605 0.918616 0.292017 5.66154e-05 6.18765e-06 4.2193e-05
0.3615 0.919026 0.29309 5.66154e-05 6.18765e-06 4.2193e-05
0.3625 0.919434 0.294162 5.66154e-05 6.18765e-06 4.2193e-05
0.3635 0.919838 0.295235 5.66154e-05 6.18765e-06 4.2193e-05
0.3645 0.92024 0.296309 5.66154e-05 6.18765e-06 4.2193e-05
0.3655 0.920639 0.297382 5.66154e-05 6.18765e-06 4.2193e-05
0.3665 0.921036 0.298456 5.66154e-05 6.18765e-06 4.2193e-05
0.3675 0.921429 0.299531 5.66154e-05 6.18765e-06 4.2193e-05
0.3685 0.92182 0.300606 5.66154e-05 6.18765e-06 4.2193e-05
0.3695 0.922209 0.301681 5.66154e-05 6.18765e-06 4.2193e-05
0.3705 0.922594 0.302756 5.66154e-05 6.18765e-06 4.2193e-05
0.3715 0.922977 0.303832 5.66154e-05 6.18765e-06 4.2193e-05
0.3725 0.923358 0.304908 5.66154e-05 6.18765e-06 4.2193e-05
0.3735 0.923736 0.305984 5.66154e-05 6.18765e-06 4.2193e-05
0.3745 0.924111 0.307061 5.66154e-05 6.18765e-06 4.2193e-05
0.3755 0.924484 0.308138 5.66154e-05 6.18765e-06 4.2193e-05
0.3765 0.924855 0.309215 5.66154e-05 6.18765e-06 4.2193e-05
0.3775 0.925223 0.310292 5.66154e-05 6.18765e-06 4.2193e-05
0.3785 0.925588 0.31137 5.66154e-05 6.18765e-06 4.2193e-05
0.3795 0.925951 0.312448 5.66154e-05 6.18765e-06 4.2193e-05
0.3805 0.926312 0.313527 5.66154e-05 6.18765e-06 4.2193e-05
0.3815 0.926671 0.314606 5.66154e-05 6.18765e-06 4.2193e-05
0.3825 0.927027 0.315685 5.66154e-05 6.18765e-06 4.2193e-05
0.3835 0.927381 0.316764 5.66154e-05 6.18765e-06 4.2193e-05
0.3845 0.927732 0.317843 5.66154e-05 6.18765e-06 4.2193e-05
0.3855 0.928081 0.318923 5.66154e-05 6.18765e-06 4.2193e-05
0.3865 0.928428 0.320003 5.66154e-05 6.18765e-06 4.2193e-05
0.3875 0.928773 0.321084 5.66154e-05 6.18765e-06 4.2193e-05
0.3885 0.929115 0.322165 5.66154e-05 6.18765e-06 4.2193e-05
0.3895 0.929456 0.323245 5.66154e-05 6.18765e-06 4.2193e-05
0.3905 0.929794 0.324327 5.66154e-05 6.18765e-06 4.2193e-05
0.3915 0.93013 0.325408 5.66154e-05 6.18765e-06 4.2193e-05
0.3925 0.930464 0.32649 5.66154e-05 6.18765e-06 4.2193e-05
0.3935 0.930796 0.327572 5.66154e-05 6.18765e-06 4.2193e-05
0.3945 0.931125 0.328654 5.66154e-05 6.18765e-06 4.2193e-05
0.3955 0.931453 0.329737 5.66154e-05 6.18765e-06 4.2193e-05
0.3965 0.931778 0.330819 5.66154e-05 6.18765e-06 4.2193e-05
0.3975 0.932102 0.331902 5.66154e-05 6.18765e-06 4.2193e-05
0.3985 0.932423 0.332986 5.66154e-05 6.18765e-06 4.2193e-05
0.3995 0.932743 0.334069 5.66154e-05 6.18765e-06 4.2193e-05
0.4005 0.93306 0.335153 5.66154e-05 6.18765e-06 4.2193e-05
0.4015 0.933376 0.336237 5.66154e-05 6.18765e-06 4.2193e-05
0.4025 0.93369 0.337321 5.66154e-05 6.18765e-06 4.2193e-05
0.4035 0.934001 0.338406 5.66154e-05 6.18765e-06 4.2193e-05
0.4045 0.934311 0.33949 5.66154e-05 6.18765e-06 4.2193e-05
0.4055 0.934619 0.340575 5.66154e-05 6.18765e-06 4.2193e-05
0.4065 0.934925 0.34166 5.66154e-05 6.18765e-06 4.2193e-05
0.4075 0.935229 0.342746 5.66154e-05 6.18765e-06 4.2193e-05
0.4085 0.935531 0.343831 5.66154e-05 6.18765e-06 4.2193e-05
0.4095 0.935832 0.344917 5.66154e-05 6.18765e-06 4.2193e-05
0.4105 0.936131 0.346003 5.66154e-05 6.18765e-06 4.2193e-05
0.4115 0.936427 0.347089 5.66154e-05 6.18765e-06 4.2193e-05
0.4125 0.936723 0.348176 5.66154e-05 6.18765e-06 4.2193e-05
0.4135 0.937016 0.349263 5.66154e-05 6.18765e-06 4.2193e-05
0.4145 0.937307 0.35035 5.66154e-05 6.18765e-06 4.2193e-05
0.4155 0.937597 0.351437 5.66154e-05 6.18765e-06 4.2193e-05
0.4165 0.937886 0.352524 5.66154e-05 6.18765e-06 4.2193e-05
0.4175 0.938172 0.353612 5.66154e-05 6.18765e-06 4.2193e-05
0.4185 0.938457 0.354699 5.66154e-05 6.18765e-06 4.2193e-05
0.4195 0.93874 0.355787 5.66154e-05 6.18765e-06 4.2193e-05
0.4205 0.939021 0.356876 5.66154e-05 6.18765e-06 4.2193e-05
0.4215 0.939301 0.357964 5.66154e-05 6.18765e-06 4.2193e-05
0.4225 0.939579 0.359052 5.66154e-05 6.18765e-06 4.2193e-05
0.4235 0.939856 0.360141 5.66154e-05 6.18765e-06 4.2193e-05
0.4245 0.940131 0.36123 5.66154e-05 6.18765e-06 4.2193e-05
0.4255 0.940404 0.362319 5.66154e-05 6.18765e-06 4.2193e-05
0.4265 0.940676 0.363409 5.66154e-05 6.18765e-06 4.2193e-05
0.4275 0.940946 0.364498 5.66154e-05 6.18765e-06 4.2193e-05
0.4285 0.941215 0.365588 5.66154e-05 6.18765e-06 4.2193e-05
0.4295 0.941482 0.366678 5.66154e-05 6.18765e-06 4.2193e-05
0.4305 0.941748 0.367768 5.66154e-05 6.18765e-06 4.2193e-05
0.4315 0.942012 0.368858 5.66154e-05 6.18765e-06 4.2193e-05
0.4325 0.942274 0.369949 5.66154e-05 6.18765e-06 4.2193e-05
0.4335 0.942536 0.371039 5.66154e-05 6.18765e-06 4.2193e-05
0.4345 0.942795 0.37213 5.66154e-05 6.18765e-06 4.2193e-05
0.4355 0.943054 0.373221 5.66154e-05 6.18765e-06 4.2193e-05
0.4365 0.94331 0.374313 5.66154e-05 6.18765e-06 4.2193e-05
0.4375 0.943566 0.375404 5.66154e-05 6.18765e-06 4.2193e-05
0.4385 0.94382 0.376495 5.66154e-05 6.18765e-06 4.2193e-05
0.4395 0.944072 0.377587 5.66154e-05 6.18765e-06 4.2193e-05
0.4405 0.944323 0.378679 5.66154e-05 6.18765e-06 4.2193e-05
0.4415 0.944573 0.379771 5.66154e-05 6.18765e-06 4.2193e-05
0.4425 0.944821 0.380863 5.66154e-05 6.18765e-06 4.2193e-05
0.4435 0.945068 0.381956 5.66154e-05 6.18765e-06 4.2193e-05
0.4445 0.945314 0.383048 5.66154e-05 6.18765e-06 4.2193e-05
0.4455 0.945558 0.384141 5.66154e-05 6.18765e-06 4.2193e-05
0.4465 0.945801 0.385234 5.66154e-05 6.18765e-06 4.2193e-05
0.4475 0.946043 0.386327 5.66154e-05 6.18765e-06 4.2193e-05
0.4485 0.946283 0.38742 5.66154e-05 6.18765e-06 4.2193e-05
0.4495 0.946522 0.388514 5.66154e-05 6.18765e-06 4.2193e-05
0.4505 0.94676 0.389607 5.66154e-05 6.18765e-06 4.2193e-05
0.4515 0.946997 0.390701 5.66154e-05 6.18765e-06 4.2193e-05
0.4525 0.947232 0.391795 5.66154e-05 6.18765e-06 4.2193e-05
0.4535 0.947466 0.392889 5.66154e-05 6.18765e-06 4.2193e-05
0.4545 0.947698 0.393983 5.66154e-05 6.18765e-06 4.2193e-05
0.4555 0.94793 0.395077 5.66154e-05 6.18765e-06 4.2193e-05
0.4565 0.94816 0.396172 5.66154e-05 6.18765e-06 4.2193e-05
0.4575 0.948389 0.397266 5.66154e-05 6.18765e-06 4.2193e-05
0.4585 0.948617 0.398361 5.66154e-05 6.18765e-06 4.2193e-05
0.4595 0.948844 0.399456 5.66154e-05 6.18765e-06 4.2193e-05
0.4605 0.949069 0.400551 5.66154e-05 6.18765e-06 4.2193e-05
0.4615 0.949293 0.401646 5.66154e-05 6.18765e-06 4.2193e-05
0.4625 0.949516 0.402741 5.66154e-05 6.18765e-06 4.2193e-05
0.4635 0.949738 0.403837 5.66154e-05 6.18765e-06 4.2193e-05
0.4645 0.949959 0.404932 5.66154e-05 6.18765e-06 4.2193e-05
0.4655 0.950179 0.406028 5.66154e-05 6.18765e-06 4.2193e-05
0.4665 0.950397 0.407124 5.66154e-05 6.18765e-06 4.2193e-05
0.4675 0.950614 0.40822 5.66154e-05 6.18765e-06 4.2193e-05
0.4685 0.950831 0.409316 5.66154e-05 6.18765e-06 4.2193e-05
0.4695 0.951046 0.410413 5.66154e-05 6.18765e-06 4.2193e-05
0.4705 0.95126 0.411509 5.66154e-05 6.18765e-06 4.2193e-05
0.4715 0.951473 0.412606 5.66154e-05 6.18765e-06 4.2193e-05
0.4725 0.951685 0.413702 5.66154e-05 6.18765e-06 4.2193e-05
0.4735 0.951895 0.414799 5.66154e-05 6.18765e-06 4.2193e-05
0.4745 0.952105 0.415896 5.66154e-05 6.18765e-06 4.2193e-05
0.4755 0.952314 0.416993 5.66154e-05 6.18765e-06 4.2193e-05
0.4765 0.952521 0.41809 5.66154e-05 6.18765e-06 4.2193e-05
0.4775 0.952728 0.419188 5.66154e-05 6.18765e-06 4.2193e-05
0.4785 0.952933 0.420285 5.66154e-05 6.18765e-06 4.2193e-05
0.4795 0.953138 0.421383 5.66154e-05 6.18765e-06 4.2193e-05
0.4805 0.953341 0.422481 5.66154e-05 6.18765e-06 4.2193e-05
0.4815 0.953544 0.423578 5.66154e-05 6.18765e-06 4.2193e-05
0.4825 0.953745 0.424676 5.66154e-05 6.18765e-06 4.2193e-05
0.4835 0.953946 0.425775 5.66154e-05 6.18765e-06 4.2193e-05
0.4845 0.954145 0.426873 5.66154e-05 6.18765e-06 4.2193e-05
0.4855 0.954344 0.427971 5.66154e-05 6.18765e-06 4.2193e-05
0.4865 0.954541 0.42907 5.66154e-05 6.18765e-06 4.2193e-05
0.4875 0.954738 0.430168 5.66154e-05 6.18765e-06 4.2193e-05
0.4885 0.954934 0.431267 5.66154e-05 6.18765e-06 4.2193e-05
0.4895 0.955128 0.432366 5.66154e-05 6.18765e-06 4.2193e-05
0.4905 0.955322 0.433465 5.66154e-05 6.18765e-06 4.2193e-05
0.4915 0.955515 0.434564 5.66154e-05 6.18765e-06 4.2193e-05
0.4925 0.955707 0.435663 5.66154e-05 6.18765e-06 4.2193e-05
0.4935 0.955897 0.436762 5.66154e-05 6.18765e-06 4.2193e-05
0.4945 0.956087 0.437862 5.66154e-05 6.18765e-06 4.2193e-05
0.4955 0.956277 0.438961 5.66154e-05 6.18765e-06 4.2193e-05
0.4965 0.956465 0.440061 5.66154e-05 6.18765e-06 4.2193e-05
0.4975 0.956652 0.44116 5.66154e-05 6.18765e-06 4.2193e-05
0.4985 0.956838 0.44226 5.66154e-05 6.18765e-06 4.2193e-05
0.4995 0.957024 0.44336 5.66154e-05 6.18765e-06 4.2193e-05
0.5005 0.957209 0.44446 5.66154e-05 6.18765e-06 4.2193e-05
0.5015 0.957392 0.44556 5.66154e-05 6.18765e-06 4.2193e-05
0.5025 0.957575 0.446661 5.66154e-05 6.18765e-06 4.2193e-05
0.5035 0.957757 0.447761 5.66154e-05 6.18765e-06 4.2193e-05
0.5045 0.957938 0.448861 5.66154e-05 6.18765e-06 4.2193e-05
0.5055 0.958119 0.449962 5.66154e-05 6.18765e-06 4.2193e-05
0.5065 0.958298 0.451063 5.66154e-05 6.18765e-06 4.2193e-05
0.5075 0.958477 0.452163 5.66154e-05 6.18765e-06 4.2193e-05
0.5085 0.958655 0.453264 5.66154e-05 6.18765e-06 4.2193e-05
0.5095 0.958832 0.454365 5.66154e-05 6.18765e-06 4.2193e-05
0.5105 0.959008 0.455466 5.66154e-05 6.18765e-06 4.2193e-05
0.5115 0.959183 0.456568 5.66154e-05 6.18765e-06 4.2193e-05
0.5125 0.959358 0.457669 5.66154e-05 6.18765e-06 4.2193e-05
0.5135 0.959531 0.45877 5.66154e-05 6.18765e-06 4.2193e-05
0.5145 0.959704 0.459872 5.66154e-05 6.18765e-06 4.2193e-05
0.5155 0.959877 0.460973 5.66154e-05 6.18765e-06 4.2193e-05
0.5165 0.960048 0.462075 5.66154e-05 6.18765e-06 4.2193e-05
0.5175 0.960219 0.463177 5.66154e-05 6.18765e-06 4.2193e-05
0.5185 0.960388 0.464279 5.66154e-05 6.18765e-06 4.2193e-05
0.5195 0.960558 0.465381 5.66154e-05 6.18765e-06 4.2193e-05
0.5205 0.960726 0.466483 5.66154e-05 6.18765e-06 4.2193e-05
0.5215 0.960893 0.467585 5.66154e-05 6.18765e-06 4.2193e-05
0.5225 0.96106 0.468687 5.66154e-05 6.18765e-06 4.2193e-05
0.5235 0.961226 0.469789 5.66154e-05 6.18765e-06 4.2193e-05
0.5245 0.961392 0.470892 5.66154e-05 6.18765e-06 4.2193e-05
0.5255 0.961556 0.471994 5.66154e-05 6.18765e-06 4.2193e-05
0.5265 0.96172 0.473097 5.66154e-05 6.18765e-06 4.2193e-05
0.5275 0.961883 0.4742 5.66154e-05 6.18765e-06 4.2193e-05
0.5285 0.962045 0.475302 5.66154e-05 6.18765e-06 4.2193e-05
0.5295 0.962207 0.476405 5.66154e-05 6.18765e-06 4.2193e-05
0.5305 0.962368 0.477508 5.66154e-05 6.18765e-06 4.2193e-05
0.5315 0.962528 0.478611 5.66154e-05 6.18765e-06 4.2193e-05
0.5325 0.962688 0.479714 5.66154e-05 6.18765e-06 4.2193e-05
0.5335 0.962847 0.480818 5.66154e-05 6.18765e-06 4.2193e-05
0.5345 0.963005 0.481921 5.66154e-05 6.18765e-06 4.2193e-05
0.5355 0.963162 0.483024 5.66154e-05 6.18765e-06 4.2193e-05
0.5365 0.963319 0.484128 5.66154e-05 6.18765e-06 4.2193e-05
0.5375 0.963475 0.485231 5.66154e-05 6.18765e-06 4.2193e-05
0.5385 0.963631 0.486335 5.66154e-05 6.18765e-06 4.2193e-05
0.5395 0.963785 0.487439 5.66154e-05 6.18765e-06 4.2193e-05
0.5405 0.963939 0.488542 5.66154e-05 6.18765e-06 4.2193e-05
0.5415 0.964093 0.489646 5.66154e-05 6.18765e-06 4.2193e-05
0.5425 0.964246 0.49075 5.66154e-05 6.18765e-06 4.2193e-05
0.5435 0.964398 0.491854 5.66154e-05 6.18765e-06 4.2193e-05
0.5445 0.964549 0.492958 5.66154e-05 6.18765e-06 4.2193e-05
0.5455 0.9647 0.494063 5.66154e-05 6.18765e-06 4.2193e-05
0.5465 0.96485 0.495167 5.66154e-05 6.18765e-06 4.2193e-05
0.5475 0.965 0.496271 5.66154e-05 6.18765e-06 4.2193e-05
0.5485 0.965149 0.497376 5.66154e-05 6.18765e-06 4.2193e-05
0.5495 0.965297 0.49848 5.66154e-05 6.18765e-06 4.2193e-05
0.5505 0.965445 0.499585 5.66154e-05 6.18765e-06 4.2193e-05
0.5515 0.965592 0.500689 5.66154e-05 6.18765e-06 4.2193e-05
0.5525 0.965738 0.501794 5.66154e-05 6.18765e-06 4.2193e-05
0.5535 0.965884 0.502899 5.66154e-05 6.18765e-06 4.2193e-05
0.5545 0.966029 0.504004 5.66154e-05 6.18765e-06 4.2193e-05
0.5555 0.966174 0.505109 5.66154e-05 6.18765e-06 4.2193e-05
0.5565 0.966318 0.506214 5.66154e-05 6.18765e-06 4.2193e-05
0.5575 0.966461 0.507319 5.66154e-05 6.18765e-06 4.2193e-05
0.5585 0.966604 0.508424 5.66154e-05 6.18765e-06 4.2193e-05
0.5595 0.966746 0.509529 5.66154e-05 6.18765e-06 4.2193e-05
0.5605 0.966888 0.510635 5.66154e-05 6.18765e-06 4.2193e-05
0.5615 0.967029 0.51174 5.66154e-05 6.18765e-06 4.2193e-05
0.5625 0.96717 0.512846 5.66154e-05 6.18765e-06 4.2193e-05
0.5635 0.967309 0.513951 5.66154e-05 6.18765e-06 4.2193e-05
0.5645 0.967449 0.515057 5.66154e-05 6.18765e-06 4.2193e-05
0.5655 0.967588 0.516162 5.66154e-05 6.18765e-06 4.2193e-05
0.5665 0.967726 0.517268 5.66154e-05 6.18765e-06 4.2193e-05
0.5675 0.967863 0.518374 5.66154e-05 6.18765e-06 4.2193e-05
0.5685 0.968001 0.51948 5.66154e-05 6.18765e-06 4.2193e-05
0.5695 0.968137 0.520586 5.66154e-05 6.18765e-06 4.2193e-05
0.5705 0.968273 0.521692 5.66154e-05 6.18765e-06 4.2193e-05
0.5715 0.968409 0.522798 5.66154e-05 6.18765e-06 4.2193e-05
0.5725 0.968543 0.523904 5.66154e-05 6.18765e-06 4.2193e-05
0.5735 0.968678 0.52501 5.66154e-05 6.18765e-06 4.2193e-05
0.5745 0.968812 0.526116 5.66154e-05 6.18765e-06 4.2193e-05
0.5755 0.968945 0.527223 5.66154e-05 6.18765e-06 4.2193e-05
0.5765 0.969078 0.528329 5.66154e-05 6.18765e-06 4.2193e-05
0.5775 0.96921 0.529436 5.66154e-05 6.18765e-06 4.2193e-05
0.5785 0.969342 0.530542 5.66154e-05 6.18765e-06 4.2193e-05
0.5795 0.969473 0.531649 5.66154e-05 6.18765e-06 4.2193e-05
0.5805 0.969604 0.532756 5.66154e-05 6.18765e-06 4.2193e-05
0.5815 0.969734 0.533862 5.66154e-05 6.18765e-06 4.2193e-05
0.5825 0.969863 0.534969 5.66154e-05 6.18765e-06 4.2193e-05
0.5835 0.969993 0.536076 5.66154e-05 6.18765e-06 4.2193e-05
0.5845 0.970121 0.537183 5.66154e-05 6.18765e-06 4.2193e-05
0.5855 0.970249 0.53829 5.66154e-05 6.18765e-06 4.2193e-05
0.5865 0.970377 0.539397 5.66154e-05 6.18765e-06 4.2193e-05
0.5875 0.970504 0.540504 5.66154e-05 6.18765e-06 4.2193e-05
0.5885 0.970631 0.541611 5.66154e-05 6.18765e-06 4.2193e-05
0.5895 0.970757 0.542718 5.66154e-05 6.18765e-06 4.2193e-05
0.5905 0.970883 0.543826 5.66154e-05 6.18765e-06 4.2193e-05
0.5915 0.971008 0.544933 5.66154e-05 6.18765e-06 4.2193e-05
0.5925 0.971133 0.54604 5.66154e-05 6.18765e-06 4.2193e-05
0.5935 0.971257 0.547148 5.66154e-05 6.18765e-06 4.2193e-05
0.5945 0.971381 0.548255 5.66154e-05 6.18765e-06 4.2193e-05
0.5955 0.971504 0.549363 5.66154e-05 6.18765e-06 4.2193e-05
0.5965 0.971627 0.55047 5.66154e-05 6.18765e-06 4.2193e-05
0.5975 0.971749 0.551578 5.66154e-05 6.18765e-06 4.2193e-05
0.5985 0.971871 0.552686 5.66154e-05 6.18765e-06 4.2193e-05
0.5995 0.971993 0.553794 5.66154e-05 6.18765e-06 4.2193e-05
0.6005 0.972114 0.554902 5.66154e-05 6.18765e-06 4.2193e-05
0.6015 0.972234 0.556009 5.66154e-05 6.18765e-06 4.2193e-05
0.6025 0.972354 0.557117 5.66154e-05 6.18765e-06 4.2193e-05
0.6035 0.972474 0.558225 5.66154e-05 6.18765e-06 4.2193e-05
0.6045 0.972593 0.559334 5.66154e-05 6.18765e-06 4.2193e-05
0.6055 0.972712 0.560442 5.66154e-05 6.18765e-06 4.2193e-05
0.6065 0.97283 0.56155 5.66154e-05 6.18765e-06 4.2193e-05
0.6075 0.972948 0.562658 5.66154e-05 6.18765e-06 4.2193e-05
0.6085 0.973066 0.563766 5.66154e-05 6.18765e-06 4.2193e-05
0.6095 0.973183 0.564875 5.66154e-05 6.18765e-06 4.2193e-05
0.6105 0.973299 0.565983 5.66154e-05 6.18765e-06 4.2193e-05
0.6115 0.973415 0.567092 5.66154e-05 6.18765e-06 4.2193e-05
0.6125 0.973531 0.5682 5.66154e-05 6.18765e-06 4.2193e-05
0.6135 0.973646 0.569309 5.66154e-05 6.18765e-06 4.2193e-05
0.6145 0.973761 0.570417 5.66154e-05 6.18765e-06 4.2193e-05
0.6155 0.973876 0.571526 5.66154e-05 6.18765e-06 4.2193e-05
0.6165 0.97399 0.572635 5.66154e-05 6.18765e-06 4.2193e-05
0.6175 0.974103 0.573743 5.66154e-05 6.18765e-06 4.2193e-05
0.6185 0.974216 0.574852 5.66154e-05 6.18765e-06 4.2193e-05
0.6195 0.974329 0.575961 5.66154e-05 6.18765e-06 4.2193e-05
0.6205 0.974442 0.57707 5.66154e-05 6.18765e-06 4.2193e-05
0.6215 0.974554 0.578179 5.66154e-05 6.18765e-06 4.2193e-05
0.6225 0.974665 0.579288 5.66154e-05 6.18765e-06 4.2193e-05
0.6235 0.974776 0.580397 5.66154e-05 6.18765e-06 4.2193e-05
0.6245 0.974887 0.581506 5.66154e-05 6.18765e-06 4.2193e-05
0.6255 0.974997 0.582615 5.66154e-05 6.18765e-06 4.2193e-05
0.6265 0.975107 0.583725 5.66154e-05 6.18765e-06 4.2193e-05
0.6275 0.975217 0.584834 5.66154e-05 6.18765e-06 4.2193e-05
0.6285 0.975326 0.585943 5.66154e-05 6.18765e-06 4.2193e-05
0.6295 0.975435 0.587052 5.66154e-05 6.18765e-06 4.2193e-05
0.6305 0.975544 0.588162 5.66154e-05 6.18765e-06 4.2193e-05
0.6315 0.975652 0.589271 5.66154e-05 6.18765e-06 4.2193e-05
0.6325 0.975759 0.590381 5.66154e-05 6.18765e-06 4.2193e-05
0.6335 0.975867 0.59149 5.66154e-05 6.18765e-06 4.2193e-05
0.6345 0.975973 0.5926 5.66154e-05 6.18765e-06 4.2193e-05
0.6355 0.97608 0.59371 5.66154e-05 6.18765e-06 4.2193e-05
0.6365 0.976186 0.594819 5.66154e-05 6.18765e-06 4.2193e-05
0.6375 0.976292 0.595929 5.66154e-05 6.18765e-06 4.2193e-05
0.6385 0.976397 0.597039 5.66154e-05 6.18765e-06 4.2193e-05
0.6395 0.976502 0.598149 5.66154e-05 6.18765e-06 4.2193e-05
0.6405 0.976607 0.599258 5.66154e-05 6.18765e-06 4.2193e-05
0.6415 0.976711 0.600368 5.66154e-05 6.18765e-06 4.2193e-05
0.6425 0.976815 0.601478 5.66154e-05 6.18765e-06 4.2193e-05
0.6435 0.976919 0.602588 5.66154e-05 6.18765e-06 4.2193e-05
0.6445 0.977022 0.603698 5.66154e-05 6.18765e-06 4.2193e-05
0.6455 0.977125 0.604808 5.66154e-05 6.18765e-06 4.2193e-05
0.6465 0.977228 0.605918 5.66154e-05 6.18765e-06 4.2193e-05
0.6475 0.97733 0.607029 5.66154e-05 6.18765e-06 4.2193e-05
0.6485 0.977432 0.608139 5.66154e-05 6.18765e-06 4.2193e-05
0.6495 0.977533 0.609249 5.66154e-05 6.18765e-06 4.2193e-05
0.6505 0.977634 0.610359 5.66154e-05 6.18765e-06 4.2193e-05
0.6515 0.977735 0.61147 5.66154e-05 6.18765e-06 4.2193e-05
0.6525 0.977836 0.61258 5.66154e-05 6.18765e-06 4.2193e-05
0.6535 0.977936 0.61369 5.66154e-05 6.18765e-06 4.2193e-05
0.6545 0.978036 0.614801 5.66154e-05 6.18765e-06 4.2193e-05
0.6555 0.978135 0.615911 5.66154e-05 6.18765e-06 4.2193e-05
0.6565 0.978234 0.617022 5.66154e-05 6.18765e-06 4.2193e-05
0.6575 0.978333 0.618133 5.66154e-05 6.18765e-06 4.2193e-05
0.6585 0.978431 0.619243 5.66154e-05 6.18765e-06 4.2193e-05
0.6595 0.97853 0.620354 5.66154e-05 6.18765e-06 4.2193e-05
0.6605 0.978627 0.621465 5.66154e-05 6.18765e-06 4.2193e-05
0.6615 0.978725 0.622575 5.66154e-05 6.18765e-06 4.2193e-05
0.6625 0.978822 0.623686 5.66154e-05 6.18765e-06 4.2193e-05
0.6635 0.978919 0.624797 5.66154e-05 6.18765e-06 4.2193e-05
0.6645 0.979015 0.625908 5.66154e-05 6.18765e-06 4.2193e-05
0.6655 0.979111 0.627019 5.66154e-05 6.18765e-06 4.2193e-05
0.6665 0.979207 0.62813 5.66154e-05 6.18765e-06 4.2193e-05
0.6675 0.979303 0.629241 5.66154e-05 6.18765e-06 4.2193e-05
0.6685 0.979398 0.630352 5.66154e-05 6.18765e-06 4.2193e-05
0.6695 0.979493 0.631463 5.66154e-05 6.18765e-06 4.2193e-05
0.6705 0.979588 0.632574 5.66154e-05 6.18765e-06 4.2193e-05
0.6715 0.979682 0.633685 5.66154e-05 6.18765e-06 4.2193e-05
0.6725 0.979776 0.634796 5.66154e-05 6.18765e-06 4.2193e-05
0.6735 0.97987 0.635907 5.66154e-05 6.18765e-06 4.2193e-05
0.6745 0.979963 0.637018 5.66154e-05 6.18765e-06 4.2193e-05
0.6755 0.980056 0.63813 5.66154e-05 6.18765e-06 4.2193e-05
0.6765 0.980149 0.639241 5.66154e-05 6.18765e-06 4.2193e-05
0.6775 0.980241 0.640352 5.66154e-05 6.18765e-06 4.2193e-05
0.6785 0.980334 0.641464 5.66154e-05 6.18765e-06 4.2193e-05
0.6795 0.980425 0.642575 5.66154e-05 6.18765e-06 4.2193e-05
0.6805 0.980517 0.643687 5.66154e-05 6.18765e-06 4.2193e-05
0.6815 0.980608 0.644798 5.66154e-05 6.18765e-06 4.2193e-05
0.6825 0.980699 0.64591 5.66154e-05 6.18765e-06 4.2193e-05
0.6835 0.98079 0.647021 5.66154e-05 6.18765e-06 4.2193e-05
0.6845 0.980881 0.648133 5.66154e-05 6.18765e-06 4.2193e-05
0.6855 0.980971 0.649245 5.66154e-05 6.18765e-06 4.2193e-05
0.6865 0.981061 0.650356 5.66154e-05 6.18765e-06 4.2193e-05
0.6875 0.98115 0.651468 5.66154e-05 6.18765e-06 4.2193e-05
0.6885 0.981239 0.65258 5.66154e-05 6.18765e-06 4.2193e-05
0.6895 0.981328 0.653692 5.66154e-05 6.18765e-06 4.2193e-05
0.6905 0.981417 0.654803 5.66154e-05 6.18765e-06 4.2193e-05
0.6915 0.981506 0.655915 5.66154e-05 6.18765e-06 4.2193e-05
0.6925 0.981594 0.657027 5.66154e-05 6.18765e-06 4.2193e-05
0.6935 0.981682 0.658139 5.66154e-05 6.18765e-06 4.2193e-05
0.6945 0.981769 0.659251 5.66154e-05 6.18765e-06 4.2193e-05
0.6955 0.981857 0.660363 5.66154e-05 6.18765e-06 4.2193e-05
0.6965 0.981944 0.661475 5.66154e-05 6.18765e-06 4.2193e-05
0.6975 0.98203 0.662587 5.66154e-05 6.18765e-06 4.2193e-05
0.6985 0.982117 0.663699 5.66154e-05 6.18765e-06 4.2193e-05
0.6995 0.982203 0.664811 5.66154e-05 6.18765e-06 4.2193e-05
0.7005 0.982289 0.665923 5.66154e-05 6.18765e-06 4.2193e-05
0.7015 0.982375 0.667036 5.66154e-05 6.18765e-06 4.2193e-05
0.7025 0.98246 0.668148 5.66154e-05 6.18765e-06 4.2193e-05
0.7035 0.982546 0.66926 5.66154e-05 6.18765e-06 4.2193e-05
0.7045 0.98263 0.670372 5.66154e-05 6.18765e-06 4.2193e-05
0.7055 0.982715 0.671485 5.66154e-05 6.18765e-06 4.2193e-05
0.7065 0.9828 0.672597 5.66154e-05 6.18765e-06 4.2193e-05
0.7075 0.982884 0.673709 5.66154e-05 6.18765e-06 4.2193e-05
0.7085 0.982968 0.674822 5.66154e-05 6.18765e-06 4.2193e-05
0.7095 0.983051 0.675934 5.66154e-05 6.18765e-06 4.2193e-05
0.7105 0.983135 0.677047 5.66154e-05 6.18765e-06 4.2193e-05
0.7115 0.983218 0.678159 5.66154e-05 6.18765e-06 4.2193e-05
0.7125 0.983301 0.679272 5.66154e-05 6.18765e-06 4.2193e-05
0.7135 0.983383 0.680384 5.66154e-05 6.18765e-06 4.2193e-05
0.7145 0.983466 0.681497 5.66154e-05 6.18765e-06 4.2193e-05
0.7155 0.983548 0.682609 5.66154e-05 6.18765e-06 4.2193e-05
0.7165 0.98363 0.683722 5.66154e-05 6.18765e-06 4.2193e-05
0.7175 0.983711 0.684835 5.66154e-05 6.18765e-06 4.2193e-05
0.7185 0.983793 0.685948 5.66154e-05 6.18765e-06 4.2193e-05
0.7195 0.983874 0.68706 5.66154e-05 6.18765e-06 4.2193e-05
0.7205 0.983955 0.688173 5.66154e-05 6.18765e-06 4.2193e-05
0.7215 0.984035 0.689286 5.66154e-05 6.18765e-06 4.2193e-05
0.7225 0.984116 0.690399 5.66154e-05 6.18765e-06 4.2193e-05
0.7235 0.984196 0.691512 5.66154e-05 6.18765e-06 4.2193e-05
0.7245 0.984276 0.692624 5.66154e-05 6.18765e-06 4.2193e-05
0.7255 0.984356 0.693737 5.66154e-05 6.18765e-06 4.2193e-05
0.7265 0.984435 0.69485 5.66154e-05 6.18765e-06 4.2193e-05
0.7275 0.984515 0.695963 5.66154e-05 6.18765e-06 4.2193e-05
0.7285 0.984594 0.697076 5.66154e-05 6.18765e-06 4.2193e-05
0.7295 0.984672 0.698189 5.66154e-05 6.18765e-06 4.2193e-05
0.7305 0.984751 0.699302 5.66154e-05 6.18765e-06 4.2193e-05
0.7315 0.984829 0.700415 5.66154e-05 6.18765e-06 4.2193e-05
0.7325 0.984907 0.701529 5.66154e-05 6.18765e-06 4.2193e-05
0.7335 0.984985 0.702642 5.66154e-05 6.18765e-06 4.2193e-05
0.7345 0.985063 0.703755 5.66154e-05 6.18765e-06 4.2193e-05
0.7355 0.98514 0.704868 5.66154e-05 6.18765e-06 4.2193e-05
0.7365 0.985217 0.705981 5.66154e-05 6.18765e-06 4.2193e-05
0.7375 0.985294 0.707095 5.66154e-05 6.18765e-06 4.2193e-05
0.7385 0.985371 0.708208 5.66154e-05 6.18765e-06 4.2193e-05
0.7395 0.985448 0.709321 5.66154e-05 6.18765e-06 4.2193e-05
0.7405 0.985524 0.710435 5.66154e-05 6.18765e-06 4.2193e-05
0.7415 0.9856 0.711548 5.66154e-05 6.18765e-06 4.2193e-05
0.7425 0.985676 0.712661 5.66154e-05 6.18765e-06 4.2193e-05
0.7435 0.985751 0.713775 5.66154e-05 6.18765e-06 4.2193e-05
0.7445 0.985827 0.714888 5.66154e-05 6.18765e-06 4.2193e-05
0.7455 0.985902 0.716002 5.66154e-05 6.18765e-06 4.2193e-05
0.7465 0.985977 0.717115 5.66154e-05 6.18765e-06 4.2193e-05
0.7475 0.986052 0.718229 5.66154e-05 6.18765e-06 4.2193e-05
0.7485 0.986126 0.719342 5.66154e-05 6.18765e-06 4.2193e-05
0.7495 0.986201 0.720456 5.66154e-05 6.18765e-06 4.2193e-05
0.7505 0.986275 0.721569 5.66154e-05 6.18765e-06 4.2193e-05
0.7515 0.986349 0.722683 5.66154e-05 6.18765e-06 4.2193e-05
0.7525 0.986423 0.723797 5.66154e-05 6.18765e-06 4.2193e-05
0.7535 0.986496 0.72491 5.66154e-05 6.18765e-06 4.2193e-05
0.7545 0.986569 0.726024 5.66154e-05 6.18765e-06 4.2193e-05
0.7555 0.986643 0.727138 5.66154e-05 6.18765e-06 4.2193e-05
0.7565 0.986715 0.728252 5.66154e-05 6.18765e-06 4.2193e-05
0.7575 0.986788 0.729365 5.66154e-05 6.18765e-06 4.2193e-05
0.7585 0.986861 0.730479 5.66154e-05 6.18765e-06 4.2193e-05
0.7595 0.986933 0.731593 5.66154e-05 6.18765e-06 4.2193e-05
0.7605 0.987005 0.732707 5.66154e-05 6.18765e-06 4.2193e-05
0.7615 0.987077 0.733821 5.66154e-05 6.18765e-06 4.2193e-05
0.7625 0.987149 0.734935 5.66154e-05 6.18765e-06 4.2193e-05
0.7635 0.98722 0.736049 5.66154e-05 6.18765e-06 4.2193e-05
0.7645 0.987291 0.737163 5.66154e-05 6.18765e-06 4.2193e-05
0.7655 0.987362 0.738277 5.66154e-05 6.18765e-06 4.2193e-05
0.7665 0.987433 0.739391 5.66154e-05 6.18765e-06 4.2193e-05
0.7675 0.987504 0.740505 5.66154e-05 6.18765e-06 4.2193e-05
0.7685 0.987575 0.741619 5.66154e-05 6.18765e-06 4.2193e-05
0.7695 0.987645 0.742733 5.66154e-05 6.18765e-06 4.2193e-05
0.7705 0.987715 0.743847 5.66154e-05 6.18765e-06 4.2193e-05
0.7715 0.987785 0.744961 5.66154e-05 6.18765e-06 4.2193e-05
0.7725 0.987855 0.746075 5.66154e-05 6.18765e-06 4.2193e-05
0.7735 0.987924 0.747189 5.66154e-05 6.18765e-06 4.2193e-05
0.7745 0.987994 0.748303 5.66154e-05 6.18765e-06 4.2193e-05
0.7755 0.988063 0.749418 5.66154e-05 6.18765e-06 4.2193e-05
0.7765 0.988132 0.750532 5.66154e-05 6.18765e-06 4.2193e-05
0.7775 0.9882 0.751646 5.66154e-05 6.18765e-06 4.2193e-05
0.7785 0.988269 0.75276 5.66154e-05 6.18765e-06 4.2193e-05
0.7795 0.988338 0.753875 5.66154e-05 6.18765e-06 4.2193e-05
0.7805 0.988406 0.754989 5.66154e-05 6.18765e-06 4.2193e-05
0.7815 0.988474 0.756103 5.66154e-05 6.18765e-06 4.2193e-05
0.7825 0.988542 0.757218 5.66154e-05 6.18765e-06 4.2193e-05
0.7835 0.988609 0.758332 5.66154e-05 6.18765e-06 4.2193e-05
0.7845 0.988677 0.759447 5.66154e-05 6.18765e-06 4.2193e-05
0.7855 0.988744 0.760561 5.66154e-05 6.18765e-06 4.2193e-05
0.7865 0.988811 0.761676 5.66154e-05 6.18765e-06 4.2193e-05
0.7875 0.988878 0.76279 5.66154e-05 6.18765e-06 4.2193e-05
0.7885 0.988945 0.763905 5.66154e-05 6.18765e-06 4.2193e-05
0.7895 0.989012 0.765019 5.66154e-05 6.18765e-06 4.2193e-05
0.7905 0.989078 0.766134 5.66154e-05 6.18765e-06 4.2193e-05
0.7915 0.989144 0.767248 5.66154e-05 6.18765e-06 4.2193e-05
0.7925 0.989211 0.768363 5.66154e-05 6.18765e-06 4.2193e-05
0.7935 0.989276 0.769477 5.66154e-05 6.18765e-06 4.2193e-05
0.7945 0.989342 0.770592 5.66154e-05 6.18765e-06 4.2193e-05
0.7955 0.989408 0.771707 5.66154e-05 6.18765e-06 4.2193e-05
0.7965 0.989473 0.772821 5.66154e-05 6.18765e-06 4.2193e-05
0.7975 0.989538 0.773936 5.66154e-05 6.18765e-06 4.2193e-05
0.7985 0.989603 0.775051 5.66154e-05 6.18765e-06 4.2193e-05
0.7995 0.989668 0.776166 5.66154e-05 6.18765e-06 4.2193e-05
0.8005 0.989733 0.77728 5.66154e-05 6.18765e-06 4.2193e-05
0.8015 0.989798 0.778395 5.66154e-05 6.18765e-06 4.2193e-05
0.8025 0.989862 0.77951 5.66154e-05 6.18765e-06 4.2193e-05
0.8035 0.989926 0.780625 5.66154e-05 6.18765e-06 4.2193e-05
0.8045 0.98999 0.78174 5.66154e-05 6.18765e-06 4.2193e-05
0.8055 0.990054 0.782854 5.66154e-05 6.18765e-06 4.2193e-05
0.8065 0.990118 0.783969 5.66154e-05 6.18765e-06 4.2193e-05
0.8075 0.990181 0.785084 5.66154e-05 6.18765e-06 4.2193e-05
0.8085 0.990245 0.786199 5.66154e-05 6.18765e-06 4.2193e-05
0.8095 0.990308 0.787314 5.66154e-05 6.18765e-06 4.2193e-05
0.8105 0.990371 0.788429 5.66154e-05 6.18765e-06 4.2193e-05
0.8115 0.990434 0.789544 5.66154e-05 6.18765e-06 4.2193e-05
0.8125 0.990497 0.790659 5.66154e-05 6.18765e-06 4.2193e-05
0.8135 0.990559 0.791774 5.66154e-05 6.18765e-06 4.2193e-05
0.8145 0.990622 0.792889 5.66154e-05 6.18765e-06 4.2193e-05
0.8155 0.990684 0.794004 5.66154e-05 6.18765e-06 4.2193e-05
0.8165 0.990746 0.795119 5.66154e-05 6.18765e-06 4.2193e-05
0.8175 0.990808 0.796234 5.66154e-05 6.18765e-06 4.2193e-05
0.8185 0.99087 0.797349 5.66154e-05 6.18765e-06 4.2193e-05
0.8195 0.990931 0.798465 5.66154e-05 6.18765e-06 4.2193e-05
0.8205 0.990993 0.79958 5.66154e-05 6.18765e-06 4.2193e-05
0.8215 0.991054 0.800695 5.66154e-05 6.18765e-06 4.2193e-05
0.8225 0.991115 0.80181 5.66154e-05 6.18765e-06 4.2193e-05
0.8235 0.991176 0.802925 5.66154e-05 6.18765e-06 4.2193e-05
0.8245 0.991237 0.804041 5.66154e-05 6.18765e-06 4.2193e-05
0.8255 0.991298 0.805156 5.66154e-05 6.18765e-06 4.2193e-05
0.8265 0.991358 0.806271 5.66154e-05 6.18765e-06 4.2193e-05
0.8275 0.991419 0.807386 5.66154e-05 6.18765e-06 4.2193e-05
0.8285 0.991479 0.808502 5.66154e-05 6.18765e-06 4.2193e-05
0.8295 0.991539 0.809617 5.66154e-05 6.18765e-06 4.2193e-05
0.8305 0.991599 0.810732 5.66154e-05 6.18765e-06 4.2193e-05
0.8315 0.991659 0.811848 5.66154e-05 6.18765e-06 4.2193e-05
0.8325 0.991718 0.812963 5.66154e-05 6.18765e-06 4.2193e-05
0.8335 0.991778 0.814079 5.66154e-05 6.18765e-06 4.2193e-05
0.8345 0.991837 0.815194 5.66154e-05 6.18765e-06 4.2193e-05
0.8355 0.991896 0.816309 5.66154e-05 6.18765e-06 4.2193e-05
0.8365 0.991955 0.817425 5.66154e-05 6.18765e-06 4.2193e-05
0.8375 0.992014 0.81854 5.66154e-05 6.18765e-06 4.2193e-05
0.8385 0.992073 0.819656 5.66154e-05 6.18765e-06 4.2193e-05
0.8395 0.992132 0.820771 5.66154e-05 6.18765e-06 4.2193e-05
0.8405 0.99219 0.821887 5.66154e-05 6.18765e-06 4.2193e-05
0.8415 0.992249 0.823002 5.66154e-05 6.18765e-06 4.2193e-05
0.8425 0.992307 0.824118 5.66154e-05 6.18765e-06 4.2193e-05
0.8435 0.992365 0.825234 5.66154e-05 6.18765e-06 4.2193e-05
0.8445 0.992423 0.826349 5.66154e-05 6.18765e-06 4.2193e-05
0.8455 0.99248 0.827465 5.66154e-05 6.18765e-06 4.2193e-05
0.8465 0.992538 0.82858 5.66154e-05 6.18765e-06 4.2193e-05
0.8475 0.992596 0.829696 5.66154e-05 6.18765e-06 4.2193e-05
0.8485 0.992653 0.830812 5.66154e-05 6.18765e-06 4.2193e-05
0.8495 0.99271 0.831927 5.66154e-05 6.18765e-06 4.2193e-05
0.8505 0.992767 0.833043 5.66154e-05 6.18765e-06 4.2193e-05
0.8515 0.992824 0.834159 5.66154e-05 6.18765e-06 4.2193e-05
0.8525 0.992881 0.835275 5.66154e-05 6.18765e-06 4.2193e-05
0.8535 0.992938 0.83639 5.66154e-05 6.18765e-06 4.2193e-05
0.8545 0.992994 0.837506 5.66154e-05 6.18765e-06 4.2193e-05
0.8555 0.99305 0.838622 5.66154e-05 6.18765e-06 4.2193e-05
0.8565 0.993107 0.839738 5.66154e-05 6.18765e-06 4.2193e-05
0.8575 0.993163 0.840854 5.66154e-05 6.18765e-06 4.2193e-05
0.8585 0.993219 0.841969 5.66154e-05 6.18765e-06 4.2193e-05
0.8595 0.993275 0.843085 5.66154e-05 6.18765e-06 4.2193e-05
0.8605 0.99333 0.844201 5.66154e-05 6.18765e-06 4.2193e-05
0.8615 0.993386 0.845317 5.66154e-05 6.18765e-06 4.2193e-05
0.8625 0.993441 0.846433 5.66154e-05 6.18765e-06 4.2193e-05
0.8635 0.993497 0.847549 5.66154e-05 6.18765e-06 4.2193e-05
0.8645 0.993552 0.848665 5.66154e-05 6.18765e-06 4.2193e-05
0.8655 0.993607 0.849781 5.66154e-05 6.18765e-06 4.2193e-05
0.8665 0.993662 0.850897 5.66154e-05 6.18765e-06 4.2193e-05
0.8675 0.993717 0.852013 5.66154e-05 6.18765e-06 4.2193e-05
0.8685 0.993771 0.853129 5.66154e-05 6.18765e-06 4.2193e-05
0.8695 0.993826 0.854245 5.66154e-05 6.18765e-06 4.2193e-05
0.8705 0.99388 0.855361 5.66154e-05 6.18765e-06 4.2193e-05
0.8715 0.993935 0.856477 5.66154e-05 6.18765e-06 4.2193e-05
0.8725 0.993989 0.857593 5.66154e-05 6.18765e-06 4.2193e-05
0.8735 0.994043 0.858709 5.66154e-05 6.18765e-06 4.2193e-05
0.8745 0.994097 0.859825 5.66154e-05 6.18765e-06 4.2193e-05
0.8755 0.99415 0.860941 5.66154e-05 6.18765e-06 4.2193e-05
0.8765 0.994204 0.862057 5.66154e-05 6.18765e-06 4.2193e-05
0.8775 0.994258 0.863173 5.66154e-05 6.18765e-06 4.2193e-05
0.8785 0.994311 0.864289 5.66154e-05 6.18765e-06 4.2193e-05
0.8795 0.994364 0.865406 5.66154e-05 6.18765e-06 4.2193e-05
0.8805 0.994418 0.866522 5.66154e-05 6.18765e-06 4.2193e-05
0.8815 0.994471 0.867638 5.66154e-05 6.18765e-06 4.2193e-05
0.8825 0.994523 0.868754 5.66154e-05 6.18765e-06 4.2193e-05
0.8835 0.994576 0.86987 5.66154e-05 6.18765e-06 4.2193e-05
0.8845 0.994629 0.870987 5.66154e-05 6.18765e-06 4.2193e-05
0.8855 0.994681 0.872103 5.66154e-05 6.18765e-06 4.2193e-05
0.8865 0.994734 0.873219 5.66154e-05 6.18765e-06 4.2193e-05
0.8875 0.994786 0.874335 5.66154e-05 6.18765e-06 4.2193e-05
0.8885 0.994838 0.875452 5.66154e-05 6.18765e-06 4.2193e-05
0.8895 0.99489 0.876568 5.66154e-05 6.18765e-06 4.2193e-05
0.8905 0.994942 0.877684 5.66154e-05 6.18765e-06 4.2193e-05
0.8915 0.994994 0.878801 5.66154e-05 6.18765e-06 4.2193e-05
0.8925 0.995046 0.879917 5.66154e-05 6.18765e-06 4.2193e-05
0.8935 0.995098 0.881033 5.66154e-05 6.18765e-06 4.2193e-05
0.8945 0.995149 0.88215 5.66154e-05 6.18765e-06 4.2193e-05
0.8955 0.9952 0.883266 5.66154e-05 6.18765e-06 4.2193e-05
0.8965 0.995252 0.884383 5.66154e-05 6.18765e-06 4.2193e-05
0.8975 0.995303 0.885499 5.66154e-05 6.18765e-06 4.2193e-05
0.8985 0.995354 0.886616 5.66154e-05 6.18765e-06 4.2193e-05
0.8995 0.995405 0.887732 5.66154e-05 6.18765e-06 4.2193e-05
0.9005 0.995456 0.888848 5.66154e-05 6.18765e-06 4.2193e-05
0.9015 0.995506 0.889965 5.66154e-05 6.18765e-06 4.2193e-05
0.9025 0.995557 0.891081 5.66154e-05 6.18765e-06 4.2193e-05
0.9035 0.995607 0.892198 5.66154e-05 6.18765e-06 4.2193e-05
0.9045 0.995658 0.893314 5.66154e-05 6.18765e-06 4.2193e-05
0.9055 0.995708 0.894431 5.66154e-05 6.18765e-06 4.2193e-05
0.9065 0.995758 0.895548 5.66154e-05 6.18765e-06 4.2193e-05
0.9075 0.995808 0.896664 5.66154e-05 6.18765e-06 4.2193e-05
0.9085 0.995858 0.897781 5.66154e-05 6.18765e-06 4.2193e-05
0.9095 0.995908 0.898897 5.66154e-05 6.18765e-06 4.2193e-05
0.9105 0.995957 0.900014 5.66154e-05 6.18765e-06 4.2193e-05
0.9115 0.996007 0.901131 5.66154e-05 6.18765e-06 4.2193e-05
0.9125 0.996056 0.902247 5.66154e-05 6.18765e-06 4.2193e-05
0.9135 0.996106 0.903364 5.66154e-05 6.18765e-06 4.2193e-05
0.9145 0.996155 0.904481 5.66154e-05 6.18765e-06 4.2193e-05
0.9155 0.996204 0.905597 5.66154e-05 6.18765e-06 4.2193e-05
0.9165 0.996253 0.906714 5.66154e-05 6.18765e-06 4.2193e-05
0.9175 0.996302 0.907831 5.66154e-05 6.18765e-06 4.2193e-05
0.9185 0.996351 0.908947 5.66154e-05 6.18765e-06 4.2193e-05
0.9195 0.996399 0.910064 5.66154e-05 6.18765e-06 4.2193e-05
0.9205 0.996448 0.911181 5.66154e-05 6.18765e-06 4.2193e-05
0.9215 0.996496 0.912298 5.66154e-05 6.18765e-06 4.2193e-05
0.9225 0.996545 0.913414 5.66154e-05 6.18765e-06 4.2193e-05
0.9235 0.996593 0.914531 5.66154e-05 6.18765e-06 4.2193e-05
0.9245 0.996641 0.915648 5.66154e-05 6.18765e-06 4.2193e-05
0.9255 0.996689 0.916765 5.66154e-05 6.18765e-06 4.2193e-05
0.9265 0.996737 0.917881 5.66154e-05 6.18765e-06 4.2193e-05
0.9275 0.996785 0.918998 5.66154e-05 6.18765e-06 4.2193e-05
0.9285 0.996833 0.920115 5.66154e-05 6.18765e-06 4.2193e-05
0.9295 0.99688 0.921232 5.66154e-05 6.18765e-06 4.2193e-05
0.9305 0.996928 0.922349 5.66154e-05 6.18765e-06 4.2193e-05
0.9315 0.996975 0.923466 5.66154e-05 6.18765e-06 4.2193e-05
0.9325 0.997023 0.924583 5.66154e-05 6.18765e-06 4.2193e-05
0.9335 0.99707 0.9257 5.66154e-05 6.18765e-06 4.2193e-05
0.9345 0.997117 0.926816 5.66154e-05 6.18765e-06 4.2193e-05
0.9355 0.997164 0.927933 5.66154e-05 6.18765e-06 4.2193e-05
0.9365 0.997211 0.92905 5.66154e-05 6.18765e-06 4.2193e-05
0.9375 0.997258 0.930167 5.66154e-05 6.18765e-06 4.2193e-05
0.9385 0.997305 0.931284 5.66154e-05 6.18765e-06 4.2193e-05
0.9395 0.997351 0.932401 5.66154e-05 6.18765e-06 4.2193e-05
0.9405 0.997398 0.933518 5.66154e-05 6.18765e-06 4.2193e-05
0.9415 0.997444 0.934635 5.66154e-05 6.18765e-06 4.2193e-05
0.9425 0.997491 0.935752 5.66154e-05 6.18765e-06 4.2193e-05
0.9435 0.997537 0.936869 5.66154e-05 6.18765e-06 4.2193e-05
0.9445 0.997583 0.937986 5.66154e-05 6.18765e-06 4.2193e-05
0.9455 0.997629 0.939103 5.66154e-05 6.18765e-06 4.2193e-05
0.9465 0.997675 0.94022 5.66154e-05 6.18765e-06 4.2193e-05
0.9475 0.997721 0.941338 5.66154e-05 6.18765e-06 4.2193e-05
0.9485 0.997767 0.942455 5.66154e-05 6.18765e-06 4.2193e-05
0.9495 0.997812 0.943572 5.66154e-05 6.18765e-06 4.2193e-05
