0.0035 0.0204498 0.00142028 5.66154e-05 6.18765e-06 4.2193e-05
0.0045 0.0262578 0.00183033 5.66154e-05 6.18765e-06 4.2193e-05
0.0055 0.03205 0.0022423 5.66154e-05 6.18765e-06 4.2193e-05
0.0065 0.0378265 0.00265622 5.66154e-05 6.18765e-06 4.2193e-05
0.0075 0.0435861 0.00307205 5.66154e-05 6.18765e-06 4.2193e-05
0.0085 0.0493306 0.00348988 5.66154e-05 6.18765e-06 4.2193e-05
0.0095 0.0550589 0.0039097 5.66154e-05 6.18765e-06 4.2193e-05
0.0105 0.0607709 0.00433152 5.66154e-05 6.18765e-06 4.2193e-05
0.0115 0.0664665 0.00475535 5.66154e-05 6.18765e-06 4.2193e-05
0.0125 0.0721456 0.00518122 5.66154e-05 6.18765e-06 4.2193e-05
0.0135 0.077808 0.00560913 5.66154e-05 6.18765e-06 4.2193e-05
0.0145 0.0834535 0.0060391 5.66154e-05 6.18765e-06 4.2193e-05
0.0155 0.0890822 0.00647115 5.66154e-05 6.18765e-06 4.2193e-05
0.0165 0.0946937 0.0069053 5.66154e-05 6.18765e-06 4.2193e-05
0.0175 0.100288 0.00734156 5.66154e-05 6.18765e-06 4.2193e-05
0.0185 0.105865 0.00777995 5.66154e-05 6.18765e-06 4.2193e-05
0.0195 0.111425 0.00822048 5.66154e-05 6.18765e-06 4.2193e-05
0.0205 0.116967 0.00866317 5.66154e-05 6.18765e-06 4.2193e-05
0.0215 0.122491 0.00910804 5.66154e-05 6.18765e-06 4.2193e-05
0.0225 0.127997 0.0095551 5.66154e-05 6.18765e-06 4.2193e-05
0.0235 0.133485 0.0100044 5.66154e-05 6.18765e-06 4.2193e-05
0.0245 0.138955 0.0104559 5.66154e-05 6.18765e-06 4.2193e-05
0.0255 0.144407 0.0109096 5.66154e-05 6.18765e-06 4.2193e-05
0.0265 0.149841 0.0113656 5.66154e-05 6.18765e-06 4.2193e-05
0.0275 0.155256 0.0118239 5.66154e-05 6.18765e-06 4.2193e-05
0.0285 0.160652 0.0122845 5.66154e-05 6.18765e-06 4.2193e-05
0.0295 0.166029 0.0127473 5.66154e-05 6.18765e-06 4.2193e-05
0.0305 0.171388 0.0132125 5.66154e-05 6.18765e-06 4.2193e-05
0.0315 0.176727 0.0136801 5.66154e-05 6.18765e-06 4.2193e-05
0.0325 0.182047 0.01415 5.66154e-05 6.18765e-06 4.2193e-05
0.0335 0.187348 0.0146223 5.66154e-05 6.18765e-06 4.2193e-05
0.0345 0.192629 0.015097 5.66154e-05 6.18765e-06 4.2193e-05
0.0355 0.19789 0.0155741 5.66154e-05 6.18765e-06 4.2193e-05
0.0365 0.203132 0.0160536 5.66154e-05 6.18765e-06 4.2193e-05
0.0375 0.208354 0.0165356 5.66154e-05 6.18765e-06 4.2193e-05
0.0385 0.213555 0.0170201 5.66154e-05 6.18765e-06 4.2193e-05
0.0395 0.218737 0.017507 5.66154e-05 6.18765e-06 4.2193e-05
0.0405 0.223898 0.0179964 5.66154e-05 6.18765e-06 4.2193e-05
0.0415 0.229039 0.0184883 5.66154e-05 6.18765e-06 4.2193e-05
0.0425 0.234158 0.0189828 5.66154e-05 6.18765e-06 4.2193e-05
0.0435 0.239258 0.0194798 5.66154e-05 6.18765e-06 4.2193e-05
0.0445 0.244336 0.0199794 5.66154e-05 6.18765e-06 4.2193e-05
0.0455 0.249393 0.0204815 5.66154e-05 6.18765e-06 4.2193e-05
0.0465 0.254429 0.0209863 5.66154e-05 6.18765e-06 4.2193e-05
0.0475 0.259444 0.0214937 5.66154e-05 6.18765e-06 4.2193e-05
0.0485 0.264438 0.0220037 5.66154e-05 6.18765e-06 4.2193e-05
0.0495 0.269409 0.0225163 5.66154e-05 6.18765e-06 4.2193e-05
0.0505 0.274359 0.0230316 5.66154e-05 6.18765e-06 4.2193e-05
0.0515 0.279288 0.0235496 5.66154e-05 6.18765e-06 4.2193e-05
0.0525 0.284194 0.0240703 5.66154e-05 6.18765e-06 4.2193e-05
0.0535 0.289078 0.0245937 5.66154e-05 6.18765e-06 4.2193e-05
0.0545 0.29394 0.0251198 5.66154e-05 6.18765e-06 4.2193e-05
0.0555 0.29878 0.0256487 5.66154e-05 6.18765e-06 4.2193e-05
0.0565 0.303597 0.0261803 5.66154e-05 6.18765e-06 4.2193e-05
0.0575 0.308391 0.0267147 5.66154e-05 6.18765e-06 4.2193e-05
0.0585 0.313163 0.0272519 5.66154e-05 6.18765e-06 4.2193e-05
0.0595 0.317912 0.0277919 5.66154e-05 6.18765e-06 4.2193e-05
0.0605 0.322638 0.0283347 5.66154e-05 6.18765e-06 4.2193e-05
0.0615 0.327341 0.0288804 5.66154e-05 6.18765e-06 4.2193e-05
0.0625 0.33202 0.0294289 5.66154e-05 6.18765e-06 4.2193e-05
0.0635 0.336676 0.0299803 5.66154e-05 6.18765e-06 4.2193e-05
0.0645 0.341309 0.0305345 5.66154e-05 6.18765e-06 4.2193e-05
0.0655 0.345918 0.0310916 5.66154e-05 6.18765e-06 4.2193e-05
0.0665 0.350504 0.0316517 5.66154e-05 6.18765e-06 4.2193e-05
0.0675 0.355066 0.0322146 5.66154e-05 6.18765e-06 4.2193e-05
0.0685 0.359604 0.0327805 5.66154e-05 6.18765e-06 4.2193e-05
0.0695 0.364118 0.0333494 5.66154e-05 6.18765e-06 4.2193e-05
0.0705 0.368607 0.0339212 5.66154e-05 6.18765e-06 4.2193e-05
0.0715 0.373073 0.0344959 5.66154e-05 6.18765e-06 4.2193e-05
0.0725 0.377514 0.0350737 5.66154e-05 6.18765e-06 4.2193e-05
0.0735 0.381931 0.0356544 5.66154e-05 6.18765e-06 4.2193e-05
0.0745 0.386324 0.0362381 5.66154e-05 6.18765e-06 4.2193e-05
0.0755 0.390691 0.0368249 5.66154e-05 6.18765e-06 4.2193e-05
0.0765 0.395035 0.0374147 5.66154e-05 6.18765e-06 4.2193e-05
0.0775 0.399353 0.0380075 5.66154e-05 6.18765e-06 4.2193e-05
0.0785 0.403647 0.0386034 5.66154e-05 6.18765e-06 4.2193e-05
0.0795 0.407915 0.0392023 5.66154e-05 6.18765e-06 4.2193e-05
0.0805 0.412159 0.0398043 5.66154e-05 6.18765e-06 4.2193e-05
0.0815 0.416377 0.0404094 5.66154e-05 6.18765e-06 4.2193e-05
0.0825 0.420571 0.0410175 5.66154e-05 6.18765e-06 4.2193e-05
0.0835 0.424739 0.0416288 5.66154e-05 6.18765e-06 4.2193e-05
0.0845 0.428882 0.0422431 5.66154e-05 6.18765e-06 4.2193e-05
0.0855 0.432999 0.0428606 5.66154e-05 6.18765e-06 4.2193e-05
0.0865 0.437092 0.0434812 5.66154e-05 6.18765e-06 4.2193e-05
0.0875 0.441158 0.0441049 5.66154e-05 6.18765e-06 4.2193e-05
0.0885 0.4452 0.0447317 5.66154e-05 6.18765e-06 4.2193e-05
0.0895 0.449215 0.0453617 5.66154e-05 6.18765e-06 4.2193e-05
0.0905 0.453205 0.0459948 5.66154e-05 6.18765e-06 4.2193e-05
0.0915 0.45717 0.046631 5.66154e-05 6.18765e-06 4.2193e-05
0.0925 0.461108 0.0472704 5.66154e-05 6.18765e-06 4.2193e-05
0.0935 0.465021 0.047913 5.66154e-05 6.18765e-06 4.2193e-05
0.0945 0.468909 0.0485587 5.66154e-05 6.18765e-06 4.2193e-05
0.0955 0.47277 0.0492076 5.66154e-05 6.18765e-06 4.2193e-05
0.0965 0.476606 0.0498597 5.66154e-05 6.18765e-06 4.2193e-05
0.0975 0.480415 0.0505149 5.66154e-05 6.18765e-06 4.2193e-05
0.0985 0.484199 0.0511733 5.66154e-05 6.18765e-06 4.2193e-05
0.0995 0.487957 0.0518349 5.66154e-05 6.18765e-06 4.2193e-05
0.1005 0.49169 0.0524997 5.66154e-05 6.18765e-06 4.2193e-05
0.1015 0.495396 0.0531676 5.66154e-05 6.18765e-06 4.2193e-05
0.1025 0.499076 0.0538387 5.66154e-05 6.18765e-06 4.2193e-05
0.1035 0.502731 0.054513 5.66154e-05 6.18765e-06 4.2193e-05
0.1045 0.50636 0.0551904 5.66154e-05 6.18765e-06 4.2193e-05
0.1055 0.509962 0.055871 5.66154e-05 6.18765e-06 4.2193e-05
0.1065 0.513539 0.0565548 5.66154e-05 6.18765e-06 4.2193e-05
0.1075 0.51709 0.0572418 5.66154e-05 6.18765e-06 4.2193e-05
0.1085 0.520616 0.057932 5.66154e-05 6.18765e-06 4.2193e-05
0.1095 0.524115 0.0586253 5.66154e-05 6.18765e-06 4.2193e-05
0.1105 0.527589 0.0593217 5.66154e-05 6.18765e-06 4.2193e-05
0.1115 0.531037 0.0600214 5.66154e-05 6.18765e-06 4.2193e-05
0.1125 0.534459 0.0607241 5.66154e-05 6.18765e-06 4.2193e-05
0.1135 0.537856 0.0614301 5.66154e-05 6.18765e-06 4.2193e-05
0.1145 0.541227 0.0621391 5.66154e-05 6.18765e-06 4.2193e-05
0.1155 0.544572 0.0628514 5.66154e-05 6.18765e-06 4.2193e-05
0.1165 0.547892 0.0635667 5.66154e-05 6.18765e-06 4.2193e-05
0.1175 0.551186 0.0642852 5.66154e-05 6.18765e-06 4.2193e-05
0.1185 0.554455 0.0650068 5.66154e-05 6.18765e-06 4.2193e-05
0.1195 0.557699 0.0657315 5.66154e-05 6.18765e-06 4.2193e-05
0.1205 0.560917 0.0664593 5.66154e-05 6.18765e-06 4.2193e-05
0.1215 0.56411 0.0671902 5.66154e-05 6.18765e-06 4.2193e-05
0.1225 0.567278 0.0679242 5.66154e-05 6.18765e-06 4.2193e-05
0.1235 0.570421 0.0686613 5.66154e-05 6.18765e-06 4.2193e-05
0.1245 0.573538 0.0694014 5.66154e-05 6.18765e-06 4.2193e-05
0.1255 0.576631 0.0701446 5.66154e-05 6.18765e-06 4.2193e-05
0.1265 0.579699 0.0708909 5.66154e-05 6.18765e-06 4.2193e-05
0.1275 0.582742 0.0716401 5.66154e-05 6.18765e-06 4.2193e-05
0.1285 0.585761 0.0723925 5.66154e-05 6.18765e-06 4.2193e-05
0.1295 0.588755 0.0731478 5.66154e-05 6.18765e-06 4.2193e-05
0.1305 0.591725 0.0739061 5.66154e-05 6.18765e-06 4.2193e-05
0.1315 0.59467 0.0746674 5.66154e-05 6.18765e-06 4.2193e-05
0.1325 0.597591 0.0754318 5.66154e-05 6.18765e-06 4.2193e-05
0.1335 0.600487 0.076199 5.66154e-05 6.18765e-06 4.2193e-05
0.1345 0.60336 0.0769693 5.66154e-05 6.18765e-06 4.2193e-05
0.1355 0.606208 0.0777424 5.66154e-05 6.18765e-06 4.2193e-05
0.1365 0.609033 0.0785185 5.66154e-05 6.18765e-06 4.2193e-05
0.1375 0.611834 0.0792975 5.66154e-05 6.18765e-06 4.2193e-05
0.1385 0.614612 0.0800794 5.66154e-05 6.18765e-06 4.2193e-05
0.1395 0.617366 0.0808642 5.66154e-05 6.18765e-06 4.2193e-05
0.1405 0.620096 0.0816518 5.66154e-05 6.18765e-06 4.2193e-05
0.1415 0.622804 0.0824424 5.66154e-05 6.18765e-06 4.2193e-05
0.1425 0.625488 0.0832357 5.66154e-05 6.18765e-06 4.2193e-05
0.1435 0.628149 0.0840319 5.66154e-05 6.18765e-06 4.2193e-05
0.1445 0.630787 0.0848308 5.66154e-05 6.18765e-06 4.2193e-05
0.1455 0.633403 0.0856326 5.66154e-05 6.18765e-06 4.2193e-05
0.1465 0.635996 0.0864371 5.66154e-05 6.18765e-06 4.2193e-05
0.1475 0.638567 0.0872444 5.66154e-05 6.18765e-06 4.2193e-05
0.1485 0.641115 0.0880544 5.66154e-05 6.18765e-06 4.2193e-05
0.1495 0.643641 0.0888671 5.66154e-05 6.18765e-06 4.2193e-05
0.1505 0.646145 0.0896826 5.66154e-05 6.18765e-06 4.2193e-05
0.1515 0.648627 0.0905007 5.66154e-05 6.18765e-06 4.2193e-05
0.1525 0.651088 0.0913215 5.66154e-05 6.18765e-06 4.2193e-05
0.1535 0.653527 0.092145 5.66154e-05 6.18765e-06 4.2193e-05
0.1545 0.655944 0.0929711 5.66154e-05 6.18765e-06 4.2193e-05
0.1555 0.65834 0.0937998 5.66154e-05 6.18765e-06 4.2193e-05
0.1565 0.660715 0.094631 5.66154e-05 6.18765e-06 4.2193e-05
0.1575 0.663069 0.0954649 5.66154e-05 6.18765e-06 4.2193e-05
0.1585 0.665402 0.0963013 5.66154e-05 6.18765e-06 4.2193e-05
0.1595 0.667714 0.0971403 5.66154e-05 6.18765e-06 4.2193e-05
0.1605 0.670006 0.0979818 5.66154e-05 6.18765e-06 4.2193e-05
0.1615 0.672278 0.0988258 5.66154e-05 6.18765e-06 4.2193e-05
0.1625 0.674529 0.0996723 5.66154e-05 6.18765e-06 4.2193e-05
0.1635 0.67676 0.100521 5.66154e-05 6.18765e-06 4.2193e-05
0.1645 0.678971 0.101373 5.66154e-05 6.18765e-06 4.2193e-05
0.1655 0.681162 0.102226 5.66154e-05 6.18765e-06 4.2193e-05
0.1665 0.683334 0.103083 5.66154e-05 6.18765e-06 4.2193e-05
0.1675 0.685487 0.103941 5.66154e-05 6.18765e-06 4.2193e-05
0.1685 0.68762 0.104802 5.66154e-05 6.18765e-06 4.2193e-05
0.1695 0.689733 0.105666 5.66154e-05 6.18765e-06 4.2193e-05
0.1705 0.691828 0.106531 5.66154e-05 6.18765e-06 4.2193e-05
0.1715 0.693905 0.107399 5.66154e-05 6.18765e-06 4.2193e-05
0.1725 0.695962 0.108269 5.66154e-05 6.18765e-06 4.2193e-05
0.1735 0.698001 0.109142 5.66154e-05 6.18765e-06 4.2193e-05
0.1745 0.700022 0.110017 5.66154e-05 6.18765e-06 4.2193e-05
0.1755 0.702024 0.110894 5.66154e-05 6.18765e-06 4.2193e-05
0.1765 0.704008 0.111773 5.66154e-05 6.18765e-06 4.2193e-05
0.1775 0.705975 0.112654 5.66154e-05 6.18765e-06 4.2193e-05
0.1785 0.707924 0.113538 5.66154e-05 6.18765e-06 4.2193e-05
0.1795 0.709855 0.114424 5.66154e-05 6.18765e-06 4.2193e-05
0.1805 0.711769 0.115311 5.66154e-05 6.18765e-06 4.2193e-05
0.1815 0.713666 0.116201 5.66154e-05 6.18765e-06 4.2193e-05
0.1825 0.715545 0.117093 5.66154e-05 6.18765e-06 4.2193e-05
0.1835 0.717408 0.117988 5.66154e-05 6.18765e-06 4.2193e-05
0.1845 0.719254 0.118884 5.66154e-05 6.18765e-06 4.2193e-05
0.1855 0.721083 0.119782 5.66154e-05 6.18765e-06 4.2193e-05
0.1865 0.722896 0.120682 5.66154e-05 6.18765e-06 4.2193e-05
0.1875 0.724692 0.121585 5.66154e-05 6.18765e-06 4.2193e-05
0.1885 0.726473 0.122489 5.66154e-05 6.18765e-06 4.2193e-05
0.1895 0.728237 0.123395 5.66154e-05 6.18765e-06 4.2193e-05
0.1905 0.729986 0.124303 5.66154e-05 6.18765e-06 4.2193e-05
0.1915 0.731719 0.125213 5.66154e-05 6.18765e-06 4.2193e-05
0.1925 0.733436 0.126125 5.66154e-05 6.18765e-06 4.2193e-05
0.1935 0.735138 0.127039 5.66154e-05 6.18765e-06 4.2193e-05
0.1945 0.736825 0.127955 5.66154e-05 6.18765e-06 4.2193e-05
0.1955 0.738496 0.128872 5.66154e-05 6.18765e-06 4.2193e-05
0.1965 0.740153 0.129792 5.66154e-05 6.18765e-06 4.2193e-05
0.1975 0.741795 0.130713 5.66154e-05 6.18765e-06 4.2193e-05
0.1985 0.743422 0.131636 5.66154e-05 6.18765e-06 4.2193e-05
0.1995 0.745035 0.132561 5.66154e-05 6.18765e-06 4.2193e-05
0.2005 0.746633 0.133488 5.66154e-05 6.18765e-06 4.2193e-05
0.2015 0.748218 0.134416 5.66154e-05 6.18765e-06 4.2193e-05
0.2025 0.749788 0.135346 5.66154e-05 6.18765e-06 4.2193e-05
0.2035 0.751344 0.136278 5.66154e-05 6.18765e-06 4.2193e-05
0.2045 0.752887 0.137211 5.66154e-05 6.18765e-06 4.2193e-05
0.2055 0.754415 0.138146 5.66154e-05 6.18765e-06 4.2193e-05
0.2065 0.755931 0.139083 5.66154e-05 6.18765e-06 4.2193e-05
0.2075 0.757433 0.140021 5.66154e-05 6.18765e-06 4.2193e-05
0.2085 0.758921 0.140961 5.66154e-05 6.18765e-06 4.2193e-05
0.2095 0.760397 0.141903 5.66154e-05 6.18765e-06 4.2193e-05
0.2105 0.76186 0.142846 5.66154e-05 6.18765e-06 4.2193e-05
0.2115 0.76331 0.143791 5.66154e-05 6.18765e-06 4.2193e-05
0.2125 0.764747 0.144737 5.66154e-05 6.18765e-06 4.2193e-05
0.2135 0.766171 0.145685 5.66154e-05 6.18765e-06 4.2193e-05
0.2145 0.767584 0.146635 5.66154e-05 6.18765e-06 4.2193e-05
0.2155 0.768984 0.147586 5.66154e-05 6.18765e-06 4.2193e-05
0.2165 0.770371 0.148538 5.66154e-05 6.18765e-06 4.2193e-05
0.2175 0.771747 0.149492 5.66154e-05 6.18765e-06 4.2193e-05
0.2185 0.773111 0.150447 5.66154e-05 6.18765e-06 4.2193e-05
0.2195 0.774463 0.151404 5.66154e-05 6.18765e-06 4.2193e-05
0.2205 0.775803 0.152362 5.66154e-05 6.18765e-06 4.2193e-05
0.2215 0.777132 0.153322 5.66154e-05 6.18765e-06 4.2193e-05
0.2225 0.778449 0.154283 5.66154e-05 6.18765e-06 4.2193e-05
0.2235 0.779755 0.155246 5.66154e-05 6.18765e-06 4.2193e-05
0.2245 0.78105 0.156209 5.66154e-05 6.18765e-06 4.2193e-05
0.2255 0.782334 0.157175 5.66154e-05 6.18765e-06 4.2193e-05
0.2265 0.783607 0.158141 5.66154e-05 6.18765e-06 4.2193e-05
0.2275 0.784869 0.159109 5.66154e-05 6.18765e-06 4.2193e-05
0.2285 0.78612 0.160078 5.66154e-05 6.18765e-06 4.2193e-05
0.2295 0.787361 0.161049 5.66154e-05 6.18765e-06 4.2193e-05
0.2305 0.788591 0.16202 5.66154e-05 6.18765e-06 4.2193e-05
0.2315 0.78981 0.162993 5.66154e-05 6.18765e-06 4.2193e-05
0.2325 0.79102 0.163968 5.66154e-05 6.18765e-06 4.2193e-05
0.2335 0.792219 0.164943 5.66154e-05 6.18765e-06 4.2193e-05
0.2345 0.793409 0.16592 5.66154e-05 6.18765e-06 4.2193e-05
0.2355 0.794588 0.166898 5.66154e-05 6.18765e-06 4.2193e-05
0.2365 0.795757 0.167877 5.66154e-05 6.18765e-06 4.2193e-05
0.2375 0.796917 0.168858 5.66154e-05 6.18765e-06 4.2193e-05
0.2385 0.798067 0.169839 5.66154e-05 6.18765e-06 4.2193e-05
0.2395 0.799208 0.170822 5.66154e-05 6.18765e-06 4.2193e-05
0.2405 0.800339 0.171806 5.66154e-05 6.18765e-06 4.2193e-05
0.2415 0.801461 0.172791 5.66154e-05 6.18765e-06 4.2193e-05
0.2425 0.802574 0.173777 5.66154e-05 6.18765e-06 4.2193e-05
0.2435 0.803677 0.174764 5.66154e-05 6.18765e-06 4.2193e-05
0.2445 0.804772 0.175753 5.66154e-05 6.18765e-06 4.2193e-05
0.2455 0.805857 0.176742 5.66154e-05 6.18765e-06 4.2193e-05
0.2465 0.806934 0.177733 5.66154e-05 6.18765e-06 4.2193e-05
0.2475 0.808002 0.178724 5.66154e-05 6.18765e-06 4.2193e-05
0.2485 0.809061 0.179717 5.66154e-05 6.18765e-06 4.2193e-05
0.2495 0.810112 0.180711 5.66154e-05 6.18765e-06 4.2193e-05
0.2505 0.811154 0.181706 5.66154e-05 6.18765e-06 4.2193e-05
0.2515 0.812188 0.182702 5.66154e-05 6.18765e-06 4.2193e-05
0.2525 0.813213 0.183699 5.66154e-05 6.18765e-06 4.2193e-05
0.2535 0.81423 0.184696 5.66154e-05 6.18765e-06 4.2193e-05
0.2545 0.81524 0.185695 5.66154e-05 6.18765e-06 4.2193e-05
0.2555 0.816241 0.186695 5.66154e-05 6.18765e-06 4.2193e-05
0.2565 0.817234 0.187696 5.66154e-05 6.18765e-06 4.2193e-05
0.2575 0.818219 0.188698 5.66154e-05 6.18765e-06 4.2193e-05
0.2585 0.819197 0.1897 5.66154e-05 6.18765e-06 4.2193e-05
0.2595 0.820167 0.190704 5.66154e-05 6.18765e-06 4.2193e-05
0.2605 0.821129 0.191709 5.66154e-05 6.18765e-06 4.2193e-05
0.2615 0.822084 0.192714 5.66154e-05 6.18765e-06 4.2193e-05
0.2625 0.823031 0.193721 5.66154e-05 6.18765e-06 4.2193e-05
0.2635 0.823971 0.194728 5.66154e-05 6.18765e-06 4.2193e-05
0.2645 0.824903 0.195737 5.66154e-05 6.18765e-06 4.2193e-05
0.2655 0.825829 0.196746 5.66154e-05 6.18765e-06 4.2193e-05
0.2665 0.826747 0.197756 5.66154e-05 6.18765e-06 4.2193e-05
0.2675 0.827658 0.198767 5.66154e-05 6.18765e-06 4.2193e-05
0.2685 0.828562 0.199778 5.66154e-05 6.18765e-06 4.2193e-05
0.2695 0.829459 0.200791 5.66154e-05 6.18765e-06 4.2193e-05
0.2705 0.830349 0.201804 5.66154e-05 6.18765e-06 4.2193e-05
0.2715 0.831233 0.202819 5.66154e-05 6.18765e-06 4.2193e-05
0.2725 0.83211 0.203834 5.66154e-05 6.18765e-06 4.2193e-05
0.2735 0.83298 0.20485 5.66154e-05 6.18765e-06 4.2193e-05
0.2745 0.833844 0.205867 5.66154e-05 6.18765e-06 4.2193e-05
0.2755 0.834701 0.206884 5.66154e-05 6.18765e-06 4.2193e-05
0.2765 0.835551 0.207902 5.66154e-05 6.18765e-06 4.2193e-05
0.2775 0.836395 0.208922 5.66154e-05 6.18765e-06 4.2193e-05
0.2785 0.837233 0.209941 5.66154e-05 6.18765e-06 4.2193e-05
0.2795 0.838065 0.210962 5.66154e-05 6.18765e-06 4.2193e-05
0.2805 0.838891 0.211983 5.66154e-05 6.18765e-06 4.2193e-05
0.2815 0.83971 0.213006 5.66154e-05 6.18765e-06 4.2193e-05
0.2825 0.840523 0.214029 5.66154e-05 6.18765e-06 4.2193e-05
0.2835 0.841331 0.215052 5.66154e-05 6.18765e-06 4.2193e-05
0.2845 0.842132 0.216077 5.66154e-05 6.18765e-06 4.2193e-05
0.2855 0.842928 0.217102 5.66154e-05 6.18765e-06 4.2193e-05
0.2865 0.843718 0.218127 5.66154e-05 6.18765e-06 4.2193e-05
0.2875 0.844502 0.219154 5.66154e-05 6.18765e-06 4.2193e-05
0.2885 0.84528 0.220181 5.66154e-05 6.18765e-06 4.2193e-05
0.2895 0.846053 0.221209 5.66154e-05 6.18765e-06 4.2193e-05
0.2905 0.84682 0.222238 5.66154e-05 6.18765e-06 4.2193e-05
0.2915 0.847581 0.223267 5.66154e-05 6.18765e-06 4.2193e-05
0.2925 0.848337 0.224297 5.66154e-05 6.18765e-06 4.2193e-05
0.2935 0.849088 0.225327 5.66154e-05 6.18765e-06 4.2193e-05
0.2945 0.849833 0.226359 5.66154e-05 6.18765e-06 4.2193e-05
0.2955 0.850573 0.227391 5.66154e-05 6.18765e-06 4.2193e-05
0.2965 0.851308 0.228423 5.66154e-05 6.18765e-06 4.2193e-05
0.2975 0.852038 0.229456 5.66154e-05 6.18765e-06 4.2193e-05
0.2985 0.852762 0.23049 5.66154e-05 6.18765e-06 4.2193e-05
0.2995 0.853482 0.231524 5.66154e-05 6.18765e-06 4.2193e-05
0.3005 0.854196 0.23256 5.66154e-05 6.18765e-06 4.2193e-05
0.3015 0.854905 0.233595 5.66154e-05 6.18765e-06 4.2193e-05
0.3025 0.85561 0.234631 5.66154e-05 6.18765e-06 4.2193e-05
0.3035 0.856309 0.235668 5.66154e-05 6.18765e-06 4.2193e-05
0.3045 0.857004 0.236706 5.66154e-05 6.18765e-06 4.2193e-05
0.3055 0.857694 0.237744 5.66154e-05 6.18765e-06 4.2193e-05
0.3065 0.858379 0.238782 5.66154e-05 6.18765e-06 4.2193e-05
0.3075 0.859059 0.239822 5.66154e-05 6.18765e-06 4.2193e-05
0.3085 0.859735 0.240861 5.66154e-05 6.18765e-06 4.2193e-05
0.3095 0.860406 0.241902 5.66154e-05 6.18765e-06 4.2193e-05
0.3105 0.861073 0.242943 5.66154e-05 6.18765e-06 4.2193e-05
0.3115 0.861735 0.243984 5.66154e-05 6.18765e-06 4.2193e-05
0.3125 0.862392 0.245026 5.66154e-05 6.18765e-06 4.2193e-05
0.3135 0.863045 0.246069 5.66154e-05 6.18765e-06 4.2193e-05
0.3145 0.863694 0.247112 5.66154e-05 6.18765e-06 4.2193e-05
0.3155 0.864339 0.248156 5.66154e-05 6.18765e-06 4.2193e-05
0.3165 0.864979 0.2492 5.66154e-05 6.18765e-06 4.2193e-05
0.3175 0.865614 0.250244 5.66154e-05 6.18765e-06 4.2193e-05
0.3185 0.866246 0.25129 5.66154e-05 6.18765e-06 4.2193e-05
0.3195 0.866873 0.252335 5.66154e-05 6.18765e-06 4.2193e-05
0.3205 0.867497 0.253382 5.66154e-05 6.18765e-06 4.2193e-05
0.3215 0.868116 0.254428 5.66154e-05 6.18765e-06 4.2193e-05
0.3225 0.868731 0.255475 5.66154e-05 6.18765e-06 4.2193e-05
0.3235 0.869342 0.256523 5.66154e-05 6.18765e-06 4.2193e-05
0.3245 0.869949 0.257571 5.66154e-05 6.18765e-06 4.2193e-05
0.3255 0.870552 0.25862 5.66154e-05 6.18765e-06 4.2193e-05
0.3265 0.871152 0.259669 5.66154e-05 6.18765e-06 4.2193e-05
0.3275 0.871747 0.260719 5.66154e-05 6.18765e-06 4.2193e-05
0.3285 0.872338 0.261769 5.66154e-05 6.18765e-06 4.2193e-05
0.3295 0.872926 0.26282 5.66154e-05 6.18765e-06 4.2193e-05
0.3305 0.87351 0.263871 5.66154e-05 6.18765e-06 4.2193e-05
0.3315 0.87409 0.264922 5.66154e-05 6.18765e-06 4.2193e-05
0.3325 0.874667 0.265974 5.66154e-05 6.18765e-06 4.2193e-05
0.3335 0.87524 0.267027 5.66154e-05 6.18765e-06 4.2193e-05
0.3345 0.875809 0.268079 5.66154e-05 6.18765e-06 4.2193e-05
0.3355 0.876374 0.269133 5.66154e-05 6.18765e-06 4.2193e-05
0.3365 0.876937 0.270186 5.66154e-05 6.18765e-06 4.2193e-05
0.3375 0.877495 0.271241 5.66154e-05 6.18765e-06 4.2193e-05
0.3385 0.87805 0.272295 5.66154e-05 6.18765e-06 4.2193e-05
0.3395 0.878602 0.27335 5.66154e-05 6.18765e-06 4.2193e-05
0.3405 0.87915 0.274406 5.66154e-05 6.18765e-06 4.2193e-05
0.3415 0.879695 0.275462 5.66154e-05 6.18765e-06 4.2193e-05
0.3425 0.880236 0.276518 5.66154e-05 6.18765e-06 4.2193e-05
0.3435 0.880774 0.277575 5.66154e-05 6.18765e-06 4.2193e-05
0.3445 0.881309 0.278632 5.66154e-05 6.18765e-06 4.2193e-05
0.3455 0.88184 0.279689 5.66154e-05 6.18765e-06 4.2193e-05
0.3465 0.882368 0.280747 5.66154e-05 6.18765e-06 4.2193e-05
0.3475 0.882893 0.281805 5.66154e-05 6.18765e-06 4.2193e-05
0.3485 0.883415 0.282864 5.66154e-05 6.18765e-06 4.2193e-05
0.3495 0.883934 0.283923 5.66154e-05 6.18765e-06 4.2193e-05
0.3505 0.884449 0.284983 5.66154e-05 6.18765e-06 4.2193e-05
0.3515 0.884962 0.286042 5.66154e-05 6.18765e-06 4.2193e-05
0.3525 0.885471 0.287103 5.66154e-05 6.18765e-06 4.2193e-05
0.3535 0.885977 0.288163 5.66154e-05 6.18765e-06 4.2193e-05
0.3545 0.88648 0.289224 5.66154e-05 6.18765e-06 4.2193e-05
0.3555 0.886981 0.290285 5.66154e-05 6.18765e-06 4.2193e-05
0.3565 0.887478 0.291347 5.66154e-05 6.18765e-06 4.2193e-05
0.3575 0.887972 0.292409 5.66154e-05 6.18765e-06 4.2193e-05
0.3585 0.888464 0.293472 5.66154e-05 6.18765e-06 4.2193e-05
0.3595 0.888952 0.294534 5.66154e-05 6.18765e-06 4.2193e-05
0.3605 0.889438 0.295597 5.66154e-05 6.18765e-06 4.2193e-05
0.3615 0.889921 0.296661 5.66154e-05 6.18765e-06 4.2193e-05
0.3625 0.890401 0.297725 5.66154e-05 6.18765e-06 4.2193e-05
0.3635 0.890878 0.298789 5.66154e-05 6.18765e-06 4.2193e-05
0.3645 0.891352 0.299853 5.66154e-05 6.18765e-06 4.2193e-05
0.3655 0.891824 0.300918 5.66154e-05 6.18765e-06 4.2193e-05
0.3665 0.892293 0.301983 5.66154e-05 6.18765e-06 4.2193e-05
0.3675 0.892759 0.303049 5.66154e-05 6.18765e-06 4.2193e-05
0.3685 0.893223 0.304115 5.66154e-05 6.18765e-06 4.2193e-05
0.3695 0.893684 0.305181 5.66154e-05 6.18765e-06 4.2193e-05
0.3705 0.894142 0.306247 5.66154e-05 6.18765e-06 4.2193e-05
0.3715 0.894598 0.307314 5.66154e-05 6.18765e-06 4.2193e-05
0.3725 0.895051 0.308381 5.66154e-05 6.18765e-06 4.2193e-05
0.3735 0.895501 0.309449 5.66154e-05 6.18765e-06 4.2193e-05
0.3745 0.895949 0.310516 5.66154e-05 6.18765e-06 4.2193e-05
0.3755 0.896395 0.311584 5.66154e-05 6.18765e-06 4.2193e-05
0.3765 0.896838 0.312653 5.66154e-05 6.18765e-06 4.2193e-05
0.3775 0.897278 0.313721 5.66154e-05 6.18765e-06 4.2193e-05
0.3785 0.897716 0.31479 5.66154e-05 6.18765e-06 4.2193e-05
0.3795 0.898152 0.31586 5.66154e-05 6.18765e-06 4.2193e-05
0.3805 0.898585 0.316929 5.66154e-05 6.18765e-06 4.2193e-05
0.3815 0.899016 0.317999 5.66154e-05 6.18765e-06 4.2193e-05
0.3825 0.899445 0.319069 5.66154e-05 6.18765e-06 4.2193e-05
0.3835 0.899871 0.320139 5.66154e-05 6.18765e-06 4.2193e-05
0.3845 0.900294 0.32121 5.66154e-05 6.18765e-06 4.2193e-05
0.3855 0.900716 0.322281 5.66154e-05 6.18765e-06 4.2193e-05
0.3865 0.901135 0.323352 5.66154e-05 6.18765e-06 4.2193e-05
0.3875 0.901552 0.324424 5.66154e-05 6.18765e-06 4.2193e-05
0.3885 0.901967 0.325496 5.66154e-05 6.18765e-06 4.2193e-05
0.3895 0.902379 0.326568 5.66154e-05 6.18765e-06 4.2193e-05
0.3905 0.902789 0.32764 5.66154e-05 6.18765e-06 4.2193e-05
0.3915 0.903197 0.328713 5.66154e-05 6.18765e-06 4.2193e-05
0.3925 0.903603 0.329786 5.66154e-05 6.18765e-06 4.2193e-05
0.3935 0.904007 0.330859 5.66154e-05 6.18765e-06 4.2193e-05
0.3945 0.904408 0.331932 5.66154e-05 6.18765e-06 4.2193e-05
0.3955 0.904807 0.333006 5.66154e-05 6.18765e-06 4.2193e-05
0.3965 0.905205 0.33408 5.66154e-05 6.18765e-06 4.2193e-05
0.3975 0.9056 0.335154 5.66154e-05 6.18765e-06 4.2193e-05
0.3985 0.905993 0.336229 5.66154e-05 6.18765e-06 4.2193e-05
0.3995 0.906384 0.337304 5.66154e-05 6.18765e-06 4.2193e-05
0.4005 0.906773 0.338378 5.66154e-05 6.18765e-06 4.2193e-05
0.4015 0.90716 0.339454 5.66154e-05 6.18765e-06 4.2193e-05
0.4025 0.907545 0.340529 5.66154e-05 6.18765e-06 4.2193e-05
0.4035 0.907927 0.341605 5.66154e-05 6.18765e-06 4.2193e-05
0.4045 0.908308 0.342681 5.66154e-05 6.18765e-06 4.2193e-05
0.4055 0.908687 0.343757 5.66154e-05 6.18765e-06 4.2193e-05
0.4065 0.909064 0.344834 5.66154e-05 6.18765e-06 4.2193e-05
0.4075 0.909439 0.34591 5.66154e-05 6.18765e-06 4.2193e-05
0.4085 0.909812 0.346987 5.66154e-05 6.18765e-06 4.2193e-05
0.4095 0.910184 0.348064 5.66154e-05 6.18765e-06 4.2193e-05
0.4105 0.910553 0.349142 5.66154e-05 6.18765e-06 4.2193e-05
0.4115 0.91092 0.350219 5.66154e-05 6.18765e-06 4.2193e-05
0.4125 0.911286 0.351297 5.66154e-05 6.18765e-06 4.2193e-05
0.4135 0.91165 0.352375 5.66154e-05 6.18765e-06 4.2193e-05
0.4145 0.912012 0.353454 5.66154e-05 6.18765e-06 4.2193e-05
0.4155 0.912372 0.354532 5.66154e-05 6.18765e-06 4.2193e-05
0.4165 0.91273 0.355611 5.66154e-05 6.18765e-06 4.2193e-05
0.4175 0.913087 0.35669 5.66154e-05 6.18765e-06 4.2193e-05
0.4185 0.913441 0.357769 5.66154e-05 6.18765e-06 4.2193e-05
0.4195 0.913794 0.358848 5.66154e-05 6.18765e-06 4.2193e-05
0.4205 0.914145 0.359928 5.66154e-05 6.18765e-06 4.2193e-05
0.4215 0.914495 0.361008 5.66154e-05 6.18765e-06 4.2193e-05
0.4225 0.914843 0.362088 5.66154e-05 6.18765e-06 4.2193e-05
0.4235 0.915189 0.363168 5.66154e-05 6.18765e-06 4.2193e-05
0.4245 0.915533 0.364248 5.66154e-05 6.18765e-06 4.2193e-05
0.4255 0.915876 0.365329 5.66154e-05 6.18765e-06 4.2193e-05
0.4265 0.916217 0.36641 5.66154e-05 6.18765e-06 4.2193e-05
0.4275 0.916556 0.367491 5.66154e-05 6.18765e-06 4.2193e-05
0.4285 0.916894 0.368572 5.66154e-05 6.18765e-06 4.2193e-05
0.4295 0.91723 0.369654 5.66154e-05 6.18765e-06 4.2193e-05
0.4305 0.917564 0.370735 5.66154e-05 6.18765e-06 4.2193e-05
0.4315 0.917897 0.371817 5.66154e-05 6.18765e-06 4.2193e-05
0.4325 0.918228 0.372899 5.66154e-05 6.18765e-06 4.2193e-05
0.4335 0.918558 0.373982 5.66154e-05 6.18765e-06 4.2193e-05
0.4345 0.918886 0.375064 5.66154e-05 6.18765e-06 4.2193e-05
0.4355 0.919212 0.376147 5.66154e-05 6.18765e-06 4.2193e-05
0.4365 0.919537 0.37723 5.66154e-05 6.18765e-06 4.2193e-05
0.4375 0.919861 0.378313 5.66154e-05 6.18765e-06 4.2193e-05
0.4385 0.920183 0.379396 5.66154e-05 6.18765e-06 4.2193e-05
0.4395 0.920503 0.380479 5.66154e-05 6.18765e-06 4.2193e-05
0.4405 0.920822 0.381563 5.66154e-05 6.18765e-06 4.2193e-05
0.4415 0.921139 0.382647 5.66154e-05 6.18765e-06 4.2193e-05
0.4425 0.921455 0.38373 5.66154e-05 6.18765e-06 4.2193e-05
0.4435 0.921769 0.384815 5.66154e-05 6.18765e-06 4.2193e-05
0.4445 0.922082 0.385899 5.66154e-05 6.18765e-06 4.2193e-05
0.4455 0.922394 0.386983 5.66154e-05 6.18765e-06 4.2193e-05
0.4465 0.922704 0.388068 5.66154e-05 6.18765e-06 4.2193e-05
0.4475 0.923012 0.389153 5.66154e-05 6.18765e-06 4.2193e-05
0.4485 0.92332 0.390238 5.66154e-05 6.18765e-06 4.2193e-05
0.4495 0.923625 0.391323 5.66154e-05 6.18765e-06 4.2193e-05
0.4505 0.92393 0.392408 5.66154e-05 6.18765e-06 4.2193e-05
0.4515 0.924233 0.393494 5.66154e-05 6.18765e-06 4.2193e-05
0.4525 0.924534 0.39458 5.66154e-05 6.18765e-06 4.2193e-05
0.4535 0.924835 0.395666 5.66154e-05 6.18765e-06 4.2193e-05
0.4545 0.925133 0.396752 5.66154e-05 6.18765e-06 4.2193e-05
0.4555 0.925431 0.397838 5.66154e-05 6.18765e-06 4.2193e-05
0.4565 0.925727 0.398924 5.66154e-05 6.18765e-06 4.2193e-05
0.4575 0.926022 0.400011 5.66154e-05 6.18765e-06 4.2193e-05
0.4585 0.926315 0.401097 5.66154e-05 6.18765e-06 4.2193e-05
0.4595 0.926608 0.402184 5.66154e-05 6.18765e-06 4.2193e-05
0.4605 0.926899 0.403271 5.66154e-05 6.18765e-06 4.2193e-05
0.4615 0.927188 0.404358 5.66154e-05 6.18765e-06 4.2193e-05
0.4625 0.927476 0.405446 5.66154e-05 6.18765e-06 4.2193e-05
0.4635 0.927764 0.406533 5.66154e-05 6.18765e-06 4.2193e-05
0.4645 0.928049 0.407621 5.66154e-05 6.18765e-06 4.2193e-05
0.4655 0.928334 0.408709 5.66154e-05 6.18765e-06 4.2193e-05
0.4665 0.928617 0.409797 5.66154e-05 6.18765e-06 4.2193e-05
0.4675 0.928899 0.410885 5.66154e-05 6.18765e-06 4.2193e-05
0.4685 0.92918 0.411973 5.66154e-05 6.18765e-06 4.2193e-05
0.4695 0.929459 0.413061 5.66154e-05 6.18765e-06 4.2193e-05
0.4705 0.929738 0.41415 5.66154e-05 6.18765e-06 4.2193e-05
0.4715 0.930015 0.415239 5.66154e-05 6.18765e-06 4.2193e-05
0.4725 0.930291 0.416327 5.66154e-05 6.18765e-06 4.2193e-05
0.4735 0.930566 0.417416 5.66154e-05 6.18765e-06 4.2193e-05
0.4745 0.930839 0.418506 5.66154e-05 6.18765e-06 4.2193e-05
0.4755 0.931111 0.419595 5.66154e-05 6.18765e-06 4.2193e-05
0.4765 0.931383 0.420684 5.66154e-05 6.18765e-06 4.2193e-05
0.4775 0.931653 0.421774 5.66154e-05 6.18765e-06 4.2193e-05
0.4785 0.931922 0.422863 5.66154e-05 6.18765e-06 4.2193e-05
0.4795 0.932189 0.423953 5.66154e-05 6.18765e-06 4.2193e-05
0.4805 0.932456 0.425043 5.66154e-05 6.18765e-06 4.2193e-05
0.4815 0.932721 0.426133 5.66154e-05 6.18765e-06 4.2193e-05
0.4825 0.932986 0.427224 5.66154e-05 6.18765e-06 4.2193e-05
0.4835 0.933249 0.428314 5.66154e-05 6.18765e-06 4.2193e-05
0.4845 0.933511 0.429405 5.66154e-05 6.18765e-06 4.2193e-05
0.4855 0.933772 0.430495 5.66154e-05 6.18765e-06 4.2193e-05
0.4865 0.934032 0.431586 5.66154e-05 6.18765e-06 4.2193e-05
0.4875 0.934291 0.432677 5.66154e-05 6.18765e-06 4.2193e-05
0.4885 0.934549 0.433768 5.66154e-05 6.18765e-06 4.2193e-05
0.4895 0.934805 0.434859 5.66154e-05 6.18765e-06 4.2193e-05
0.4905 0.935061 0.435951 5.66154e-05 6.18765e-06 4.2193e-05
0.4915 0.935316 0.437042 5.66154e-05 6.18765e-06 4.2193e-05
0.4925 0.935569 0.438134 5.66154e-05 6.18765e-06 4.2193e-05
0.4935 0.935822 0.439225 5.66154e-05 6.18765e-06 4.2193e-05
0.4945 0.936073 0.440317 5.66154e-05 6.18765e-06 4.2193e-05
0.4955 0.936324 0.441409 5.66154e-05 6.18765e-06 4.2193e-05
0.4965 0.936573 0.442501 5.66154e-05 6.18765e-06 4.2193e-05
0.4975 0.936821 0.443594 5.66154e-05 6.18765e-06 4.2193e-05
0.4985 0.937069 0.444686 5.66154e-05 6.18765e-06 4.2193e-05
0.4995 0.937315 0.445778 5.66154e-05 6.18765e-06 4.2193e-05
0.5005 0.93756 0.446871 5.66154e-05 6.18765e-06 4.2193e-05
0.5015 0.937805 0.447964 5.66154e-05 6.18765e-06 4.2193e-05
0.5025 0.938048 0.449057 5.66154e-05 6.18765e-06 4.2193e-05
0.5035 0.938291 0.45015 5.66154e-05 6.18765e-06 4.2193e-05
0.5045 0.938532 0.451243 5.66154e-05 6.18765e-06 4.2193e-05
0.5055 0.938773 0.452336 5.66154e-05 6.18765e-06 4.2193e-05
0.5065 0.939012 0.453429 5.66154e-05 6.18765e-06 4.2193e-05
0.5075 0.939251 0.454523 5.66154e-05 6.18765e-06 4.2193e-05
0.5085 0.939488 0.455616 5.66154e-05 6.18765e-06 4.2193e-05
0.5095 0.939725 0.45671 5.66154e-05 6.18765e-06 4.2193e-05
0.5105 0.939961 0.457804 5.66154e-05 6.18765e-06 4.2193e-05
0.5115 0.940195 0.458897 5.66154e-05 6.18765e-06 4.2193e-05
0.5125 0.940429 0.459991 5.66154e-05 6.18765e-06 4.2193e-05
0.5135 0.940662 0.461086 5.66154e-05 6.18765e-06 4.2193e-05
0.5145 0.940894 0.46218 5.66154e-05 6.18765e-06 4.2193e-05
0.5155 0.941125 0.463274 5.66154e-05 6.18765e-06 4.2193e-05
0.5165 0.941356 0.464369 5.66154e-05 6.18765e-06 4.2193e-05
0.5175 0.941585 0.465463 5.66154e-05 6.18765e-06 4.2193e-05
0.5185 0.941814 0.466558 5.66154e-05 6.18765e-06 4.2193e-05
0.5195 0.942041 0.467653 5.66154e-05 6.18765e-06 4.2193e-05
0.5205 0.942268 0.468748 5.66154e-05 6.18765e-06 4.2193e-05
0.5215 0.942494 0.469843 5.66154e-05 6.18765e-06 4.2193e-05
0.5225 0.942719 0.470938 5.66154e-05 6.18765e-06 4.2193e-05
0.5235 0.942943 0.472033 5.66154e-05 6.18765e-06 4.2193e-05
0.5245 0.943166 0.473128 5.66154e-05 6.18765e-06 4.2193e-05
0.5255 0.943388 0.474224 5.66154e-05 6.18765e-06 4.2193e-05
0.5265 0.94361 0.475319 5.66154e-05 6.18765e-06 4.2193e-05
0.5275 0.94383 0.476415 5.66154e-05 6.18765e-06 4.2193e-05
0.5285 0.94405 0.47751 5.66154e-05 6.18765e-06 4.2193e-05
0.5295 0.944269 0.478606 5.66154e-05 6.18765e-06 4.2193e-05
0.5305 0.944488 0.479702 5.66154e-05 6.18765e-06 4.2193e-05
0.5315 0.944705 0.480798 5.66154e-05 6.18765e-06 4.2193e-05
0.5325 0.944921 0.481894 5.66154e-05 6.18765e-06 4.2193e-05
0.5335 0.945137 0.482991 5.66154e-05 6.18765e-06 4.2193e-05
0.5345 0.945352 0.484087 5.66154e-05 6.18765e-06 4.2193e-05
0.5355 0.945566 0.485183 5.66154e-05 6.18765e-06 4.2193e-05
0.5365 0.94578 0.48628 5.66154e-05 6.18765e-06 4.2193e-05
0.5375 0.945992 0.487376 5.66154e-05 6.18765e-06 4.2193e-05
0.5385 0.946204 0.488473 5.66154e-05 6.18765e-06 4.2193e-05
0.5395 0.946415 0.48957 5.66154e-05 6.18765e-06 4.2193e-05
0.5405 0.946625 0.490667 5.66154e-05 6.18765e-06 4.2193e-05
0.5415 0.946834 0.491764 5.66154e-05 6.18765e-06 4.2193e-05
0.5425 0.947043 0.492861 5.66154e-05 6.18765e-06 4.2193e-05
0.5435 0.947251 0.493958 5.66154e-05 6.18765e-06 4.2193e-05
0.5445 0.947458 0.495056 5.66154e-05 6.18765e-06 4.2193e-05
0.5455 0.947664 0.496153 5.66154e-05 6.18765e-06 4.2193e-05
0.5465 0.94787 0.49725 5.66154e-05 6.18765e-06 4.2193e-05
0.5475 0.948075 0.498348 5.66154e-05 6.18765e-06 4.2193e-05
0.5485 0.948279 0.499446 5.66154e-05 6.18765e-06 4.2193e-05
0.5495 0.948482 0.500543 5.66154e-05 6.18765e-06 4.2193e-05
0.5505 0.948685 0.501641 5.66154e-05 6.18765e-06 4.2193e-05
0.5515 0.948887 0.502739 5.66154e-05 6.18765e-06 4.2193e-05
0.5525 0.949088 0.503837 5.66154e-05 6.18765e-06 4.2193e-05
0.5535 0.949289 0.504935 5.66154e-05 6.18765e-06 4.2193e-05
0.5545 0.949488 0.506033 5.66154e-05 6.18765e-06 4.2193e-05
0.5555 0.949687 0.507132 5.66154e-05 6.18765e-06 4.2193e-05
0.5565 0.949886 0.50823 5.66154e-05 6.18765e-06 4.2193e-05
0.5575 0.950083 0.509329 5.66154e-05 6.18765e-06 4.2193e-05
0.5585 0.95028 0.510427 5.66154e-05 6.18765e-06 4.2193e-05
0.5595 0.950476 0.511526 5.66154e-05 6.18765e-06 4.2193e-05
0.5605 0.950672 0.512624 5.66154e-05 6.18765e-06 4.2193e-05
0.5615 0.950867 0.513723 5.66154e-05 6.18765e-06 4.2193e-05
0.5625 0.951061 0.514822 5.66154e-05 6.18765e-06 4.2193e-05
0.5635 0.951254 0.515921 5.66154e-05 6.18765e-06 4.2193e-05
0.5645 0.951447 0.51702 5.66154e-05 6.18765e-06 4.2193e-05
0.5655 0.951639 0.518119 5.66154e-05 6.18765e-06 4.2193e-05
0.5665 0.951831 0.519218 5.66154e-05 6.18765e-06 4.2193e-05
0.5675 0.952022 0.520318 5.66154e-05 6.18765e-06 4.2193e-05
0.5685 0.952212 0.521417 5.66154e-05 6.18765e-06 4.2193e-05
0.5695 0.952401 0.522517 5.66154e-05 6.18765e-06 4.2193e-05
0.5705 0.95259 0.523616 5.66154e-05 6.18765e-06 4.2193e-05
0.5715 0.952778 0.524716 5.66154e-05 6.18765e-06 4.2193e-05
0.5725 0.952966 0.525815 5.66154e-05 6.18765e-06 4.2193e-05
0.5735 0.953152 0.526915 5.66154e-05 6.18765e-06 4.2193e-05
0.5745 0.953339 0.528015 5.66154e-05 6.18765e-06 4.2193e-05
0.5755 0.953524 0.529115 5.66154e-05 6.18765e-06 4.2193e-05
0.5765 0.953709 0.530215 5.66154e-05 6.18765e-06 4.2193e-05
0.5775 0.953894 0.531315 5.66154e-05 6.18765e-06 4.2193e-05
0.5785 0.954077 0.532415 5.66154e-05 6.18765e-06 4.2193e-05
0.5795 0.95426 0.533515 5.66154e-05 6.18765e-06 4.2193e-05
0.5805 0.954443 0.534616 5.66154e-05 6.18765e-06 4.2193e-05
0.5815 0.954625 0.535716 5.66154e-05 6.18765e-06 4.2193e-05
0.5825 0.954806 0.536817 5.66154e-05 6.18765e-06 4.2193e-05
0.5835 0.954986 0.537917 5.66154e-05 6.18765e-06 4.2193e-05
0.5845 0.955166 0.539018 5.66154e-05 6.18765e-06 4.2193e-05
0.5855 0.955346 0.540119 5.66154e-05 6.18765e-06 4.2193e-05
0.5865 0.955525 0.541219 5.66154e-05 6.18765e-06 4.2193e-05
0.5875 0.955703 0.54232 5.66154e-05 6.18765e-06 4.2193e-05
0.5885 0.95588 0.543421 5.66154e-05 6.18765e-06 4.2193e-05
0.5895 0.956057 0.544522 5.66154e-05 6.18765e-06 4.2193e-05
0.5905 0.956234 0.545623 5.66154e-05 6.18765e-06 4.2193e-05
0.5915 0.95641 0.546724 5.66154e-05 6.18765e-06 4.2193e-05
0.5925 0.956585 0.547825 5.66154e-05 6.18765e-06 4.2193e-05
0.5935 0.95676 0.548927 5.66154e-05 6.18765e-06 4.2193e-05
0.5945 0.956934 0.550028 5.66154e-05 6.18765e-06 4.2193e-05
0.5955 0.957107 0.551129 5.66154e-05 6.18765e-06 4.2193e-05
0.5965 0.95728 0.552231 5.66154e-05 6.18765e-06 4.2193e-05
0.5975 0.957453 0.553332 5.66154e-05 6.18765e-06 4.2193e-05
0.5985 0.957624 0.554434 5.66154e-05 6.18765e-06 4.2193e-05
0.5995 0.957796 0.555536 5.66154e-05 6.18765e-06 4.2193e-05
0.6005 0.957966 0.556638 5.66154e-05 6.18765e-06 4.2193e-05
0.6015 0.958137 0.557739 5.66154e-05 6.18765e-06 4.2193e-05
0.6025 0.958306 0.558841 5.66154e-05 6.18765e-06 4.2193e-05
0.6035 0.958475 0.559943 5.66154e-05 6.18765e-06 4.2193e-05
0.6045 0.958644 0.561045 5.66154e-05 6.18765e-06 4.2193e-05
0.6055 0.958812 0.562147 5.66154e-05 6.18765e-06 4.2193e-05
0.6065 0.958979 0.563249 5.66154e-05 6.18765e-06 4.2193e-05
0.6075 0.959146 0.564352 5.66154e-05 6.18765e-06 4.2193e-05
0.6085 0.959312 0.565454 5.66154e-05 6.18765e-06 4.2193e-05
0.6095 0.959478 0.566556 5.66154e-05 6.18765e-06 4.2193e-05
0.6105 0.959644 0.567659 5.66154e-05 6.18765e-06 4.2193e-05
0.6115 0.959808 0.568761 5.66154e-05 6.18765e-06 4.2193e-05
0.6125 0.959973 0.569864 5.66154e-05 6.18765e-06 4.2193e-05
0.6135 0.960136 0.570966 5.66154e-05 6.18765e-06 4.2193e-05
0.6145 0.9603 0.572069 5.66154e-05 6.18765e-06 4.2193e-05
0.6155 0.960462 0.573172 5.66154e-05 6.18765e-06 4.2193e-05
0.6165 0.960625 0.574275 5.66154e-05 6.18765e-06 4.2193e-05
0.6175 0.960786 0.575377 5.66154e-05 6.18765e-06 4.2193e-05
0.6185 0.960947 0.57648 5.66154e-05 6.18765e-06 4.2193e-05
0.6195 0.961108 0.577583 5.66154e-05 6.18765e-06 4.2193e-05
0.6205 0.961268 0.578686 5.66154e-05 6.18765e-06 4.2193e-05
0.6215 0.961428 0.57979 5.66154e-05 6.18765e-06 4.2193e-05
0.6225 0.961587 0.580893 5.66154e-05 6.18765e-06 4.2193e-05
0.6235 0.961746 0.581996 5.66154e-05 6.18765e-06 4.2193e-05
0.6245 0.961904 0.583099 5.66154e-05 6.18765e-06 4.2193e-05
0.6255 0.962062 0.584203 5.66154e-05 6.18765e-06 4.2193e-05
0.6265 0.962219 0.585306 5.66154e-05 6.18765e-06 4.2193e-05
0.6275 0.962376 0.586409 5.66154e-05 6.18765e-06 4.2193e-05
0.6285 0.962532 0.587513 5.66154e-05 6.18765e-06 4.2193e-05
0.6295 0.962688 0.588617 5.66154e-05 6.18765e-06 4.2193e-05
0.6305 0.962843 0.58972 5.66154e-05 6.18765e-06 4.2193e-05
0.6315 0.962998 0.590824 5.66154e-05 6.18765e-06 4.2193e-05
0.6325 0.963152 0.591928 5.66154e-05 6.18765e-06 4.2193e-05
0.6335 0.963306 0.593032 5.66154e-05 6.18765e-06 4.2193e-05
0.6345 0.963459 0.594135 5.66154e-05 6.18765e-06 4.2193e-05
0.6355 0.963612 0.595239 5.66154e-05 6.18765e-06 4.2193e-05
0.6365 0.963765 0.596343 5.66154e-05 6.18765e-06 4.2193e-05
0.6375 0.963917 0.597447 5.66154e-05 6.18765e-06 4.2193e-05
0.6385 0.964068 0.598551 5.66154e-05 6.18765e-06 4.2193e-05
0.6395 0.96422 0.599656 5.66154e-05 6.18765e-06 4.2193e-05
0.6405 0.96437 0.60076 5.66154e-05 6.18765e-06 4.2193e-05
0.6415 0.96452 0.601864 5.66154e-05 6.18765e-06 4.2193e-05
0.6425 0.96467 0.602968 5.66154e-05 6.18765e-06 4.2193e-05
0.6435 0.964819 0.604073 5.66154e-05 6.18765e-06 4.2193e-05
0.6445 0.964968 0.605177 5.66154e-05 6.18765e-06 4.2193e-05
0.6455 0.965117 0.606282 5.66154e-05 6.18765e-06 4.2193e-05
0.6465 0.965265 0.607386 5.66154e-05 6.18765e-06 4.2193e-05
0.6475 0.965412 0.608491 5.66154e-05 6.18765e-06 4.2193e-05
0.6485 0.965559 0.609596 5.66154e-05 6.18765e-06 4.2193e-05
0.6495 0.965706 0.6107 5.66154e-05 6.18765e-06 4.2193e-05
0.6505 0.965852 0.611805 5.66154e-05 6.18765e-06 4.2193e-05
0.6515 0.965998 0.61291 5.66154e-05 6.18765e-06 4.2193e-05
0.6525 0.966143 0.614015 5.66154e-05 6.18765e-06 4.2193e-05
0.6535 0.966288 0.61512 5.66154e-05 6.18765e-06 4.2193e-05
0.6545 0.966433 0.616225 5.66154e-05 6.18765e-06 4.2193e-05
0.6555 0.966577 0.61733 5.66154e-05 6.18765e-06 4.2193e-05
0.6565 0.966721 0.618435 5.66154e-05 6.18765e-06 4.2193e-05
0.6575 0.966864 0.61954 5.66154e-05 6.18765e-06 4.2193e-05
0.6585 0.967007 0.620645 5.66154e-05 6.18765e-06 4.2193e-05
0.6595 0.967149 0.62175 5.66154e-05 6.18765e-06 4.2193e-05
0.6605 0.967291 0.622856 5.66154e-05 6.18765e-06 4.2193e-05
0.6615 0.967433 0.623961 5.66154e-05 6.18765e-06 4.2193e-05
0.6625 0.967574 0.625066 5.66154e-05 6.18765e-06 4.2193e-05
0.6635 0.967715 0.626172 5.66154e-05 6.18765e-06 4.2193e-05
0.6645 0.967855 0.627277 5.66154e-05 6.18765e-06 4.2193e-05
0.6655 0.967995 0.628383 5.66154e-05 6.18765e-06 4.2193e-05
0.6665 0.968135 0.629488 5.66154e-05 6.18765e-06 4.2193e-05
0.6675 0.968274 0.630594 5.66154e-05 6.18765e-06 4.2193e-05
0.6685 0.968413 0.6317 5.66154e-05 6.18765e-06 4.2193e-05
0.6695 0.968551 0.632805 5.66154e-05 6.18765e-06 4.2193e-05
0.6705 0.968689 0.633911 5.66154e-05 6.18765e-06 4.2193e-05
0.6715 0.968827 0.635017 5.66154e-05 6.18765e-06 4.2193e-05
0.6725 0.968964 0.636123 5.66154e-05 6.18765e-06 4.2193e-05
0.6735 0.969101 0.637229 5.66154e-05 6.18765e-06 4.2193e-05
0.6745 0.969237 0.638335 5.66154e-05 6.18765e-06 4.2193e-05
0.6755 0.969373 0.639441 5.66154e-05 6.18765e-06 4.2193e-05
0.6765 0.969509 0.640547 5.66154e-05 6.18765e-06 4.2193e-05
0.6775 0.969644 0.641653 5.66154e-05 6.18765e-06 4.2193e-05
0.6785 0.969779 0.642759 5.66154e-05 6.18765e-06 4.2193e-05
0.6795 0.969914 0.643865 5.66154e-05 6.18765e-06 4.2193e-05
0.6805 0.970048 0.644971 5.66154e-05 6.18765e-06 4.2193e-05
0.6815 0.970182 0.646078 5.66154e-05 6.18765e-06 4.2193e-05
0.6825 0.970315 0.647184 5.66154e-05 6.18765e-06 4.2193e-05
0.6835 0.970448 0.64829 5.66154e-05 6.18765e-06 4.2193e-05
0.6845 0.970581 0.649397 5.66154e-05 6.18765e-06 4.2193e-05
0.6855 0.970713 0.650503 5.66154e-05 6.18765e-06 4.2193e-05
0.6865 0.970845 0.65161 5.66154e-05 6.18765e-06 4.2193e-05
0.6875 0.970977 0.652716 5.66154e-05 6.18765e-06 4.2193e-05
0.6885 0.971108 0.653823 5.66154e-05 6.18765e-06 4.2193e-05
0.6895 0.971239 0.65493 5.66154e-05 6.18765e-06 4.2193e-05
0.6905 0.971369 0.656036 5.66154e-05 6.18765e-06 4.2193e-05
0.6915 0.971499 0.657143 5.66154e-05 6.18765e-06 4.2193e-05
0.6925 0.971629 0.65825 5.66154e-05 6.18765e-06 4.2193e-05
0.6935 0.971759 0.659357 5.66154e-05 6.18765e-06 4.2193e-05
0.6945 0.971888 0.660463 5.66154e-05 6.18765e-06 4.2193e-05
0.6955 0.972016 0.66157 5.66154e-05 6.18765e-06 4.2193e-05
0.6965 0.972145 0.662677 5.66154e-05 6.18765e-06 4.2193e-05
0.6975 0.972273 0.663784 5.66154e-05 6.18765e-06 4.2193e-05
0.6985 0.9724 0.664891 5.66154e-05 6.18765e-06 4.2193e-05
0.6995 0.972528 0.665998 5.66154e-05 6.18765e-06 4.2193e-05
0.7005 0.972655 0.667106 5.66154e-05 6.18765e-06 4.2193e-05
0.7015 0.972781 0.668213 5.66154e-05 6.18765e-06 4.2193e-05
0.7025 0.972908 0.66932 5.66154e-05 6.18765e-06 4.2193e-05
0.7035 0.973034 0.670427 5.66154e-05 6.18765e-06 4.2193e-05
0.7045 0.973159 0.671534 5.66154e-05 6.18765e-06 4.2193e-05
0.7055 0.973285 0.672642 5.66154e-05 6.18765e-06 4.2193e-05
0.7065 0.97341 0.673749 5.66154e-05 6.18765e-06 4.2193e-05
0.7075 0.973534 0.674857 5.66154e-05 6.18765e-06 4.2193e-05
0.7085 0.973659 0.675964 5.66154e-05 6.18765e-06 4.2193e-05
0.7095 0.973783 0.677071 5.66154e-05 6.18765e-06 4.2193e-05
0.7105 0.973906 0.678179 5.66154e-05 6.18765e-06 4.2193e-05
0.7115 0.97403 0.679287 5.66154e-05 6.18765e-06 4.2193e-05
0.7125 0.974153 0.680394 5.66154e-05 6.18765e-06 4.2193e-05
0.7135 0.974275 0.681502 5.66154e-05 6.18765e-06 4.2193e-05
0.7145 0.974398 0.68261 5.66154e-05 6.18765e-06 4.2193e-05
0.7155 0.97452 0.683717 5.66154e-05 6.18765e-06 4.2193e-05
0.7165 0.974641 0.684825 5.66154e-05 6.18765e-06 4.2193e-05
0.7175 0.974763 0.685933 5.66154e-05 6.18765e-06 4.2193e-05
0.7185 0.974884 0.687041 5.66154e-05 6.18765e-06 4.2193e-05
0.7195 0.975005 0.688149 5.66154e-05 6.18765e-06 4.2193e-05
0.7205 0.975125 0.689256 5.66154e-05 6.18765e-06 4.2193e-05
0.7215 0.975245 0.690364 5.66154e-05 6.18765e-06 4.2193e-05
0.7225 0.975365 0.691472 5.66154e-05 6.18765e-06 4.2193e-05
0.7235 0.975485 0.69258 5.66154e-05 6.18765e-06 4.2193e-05
0.7245 0.975604 0.693689 5.66154e-05 6.18765e-06 4.2193e-05
0.7255 0.975723 0.694797 5.66154e-05 6.18765e-06 4.2193e-05
0.7265 0.975841 0.695905 5.66154e-05 6.18765e-06 4.2193e-05
0.7275 0.97596 0.697013 5.66154e-05 6.18765e-06 4.2193e-05
0.7285 0.976078 0.698121 5.66154e-05 6.18765e-06 4.2193e-05
0.7295 0.976195 0.699229 5.66154e-05 6.18765e-06 4.2193e-05
0.7305 0.976313 0.700338 5.66154e-05 6.18765e-06 4.2193e-05
0.7315 0.97643 0.701446 5.66154e-05 6.18765e-06 4.2193e-05
0.7325 0.976546 0.702555 5.66154e-05 6.18765e-06 4.2193e-05
0.7335 0.976663 0.703663 5.66154e-05 6.18765e-06 4.2193e-05
0.7345 0.976779 0.704771 5.66154e-05 6.18765e-06 4.2193e-05
0.7355 0.976895 0.70588 5.66154e-05 6.18765e-06 4.2193e-05
0.7365 0.977011 0.706988 5.66154e-05 6.18765e-06 4.2193e-05
0.7375 0.977126 0.708097 5.66154e-05 6.18765e-06 4.2193e-05
0.7385 0.977241 0.709206 5.66154e-05 6.18765e-06 4.2193e-05
0.7395 0.977356 0.710314 5.66154e-05 6.18765e-06 4.2193e-05
0.7405 0.97747 0.711423 5.66154e-05 6.18765e-06 4.2193e-05
0.7415 0.977584 0.712531 5.66154e-05 6.18765e-06 4.2193e-05
0.7425 0.977698 0.71364 5.66154e-05 6.18765e-06 4.2193e-05
0.7435 0.977812 0.714749 5.66154e-05 6.18765e-06 4.2193e-05
0.7445 0.977925 0.715858 5.66154e-05 6.18765e-06 4.2193e-05
0.7455 0.978038 0.716967 5.66154e-05 6.18765e-06 4.2193e-05
0.7465 0.978151 0.718075 5.66154e-05 6.18765e-06 4.2193e-05
0.7475 0.978263 0.719184 5.66154e-05 6.18765e-06 4.2193e-05
0.7485 0.978375 0.720293 5.66154e-05 6.18765e-06 4.2193e-05
0.7495 0.978487 0.721402 5.66154e-05 6.18765e-06 4.2193e-05
0.7505 0.978599 0.722511 5.66154e-05 6.18765e-06 4.2193e-05
0.7515 0.97871 0.72362 5.66154e-05 6.18765e-06 4.2193e-05
0.7525 0.978821 0.724729 5.66154e-05 6.18765e-06 4.2193e-05
0.7535 0.978932 0.725839 5.66154e-05 6.18765e-06 4.2193e-05
0.7545 0.979043 0.726948 5.66154e-05 6.18765e-06 4.2193e-05
0.7555 0.979153 0.728057 5.66154e-05 6.18765e-06 4.2193e-05
0.7565 0.979263 0.729166 5.66154e-05 6.18765e-06 4.2193e-05
0.7575 0.979373 0.730275 5.66154e-05 6.18765e-06 4.2193e-05
0.7585 0.979482 0.731385 5.66154e-05 6.18765e-06 4.2193e-05
0.7595 0.979591 0.732494 5.66154e-05 6.18765e-06 4.2193e-05
0.7605 0.9797 0.733603 5.66154e-05 6.18765e-06 4.2193e-05
0.7615 0.979809 0.734713 5.66154e-05 6.18765e-06 4.2193e-05
0.7625 0.979917 0.735822 5.66154e-05 6.18765e-06 4.2193e-05
0.7635 0.980025 0.736931 5.66154e-05 6.18765e-06 4.2193e-05
0.7645 0.980133 0.738041 5.66154e-05 6.18765e-06 4.2193e-05
0.7655 0.980241 0.73915 5.66154e-05 6.18765e-06 4.2193e-05
0.7665 0.980348 0.74026 5.66154e-05 6.18765e-06 4.2193e-05
0.7675 0.980455 0.74137 5.66154e-05 6.18765e-06 4.2193e-05
0.7685 0.980562 0.742479 5.66154e-05 6.18765e-06 4.2193e-05
0.7695 0.980669 0.743589 5.66154e-05 6.18765e-06 4.2193e-05
0.7705 0.980775 0.744698 5.66154e-05 6.18765e-06 4.2193e-05
0.7715 0.980881 0.745808 5.66154e-05 6.18765e-06 4.2193e-05
0.7725 0.980987 0.746918 5.66154e-05 6.18765e-06 4.2193e-05
0.7735 0.981092 0.748028 5.66154e-05 6.18765e-06 4.2193e-05
0.7745 0.981198 0.749137 5.66154e-05 6.18765e-06 4.2193e-05
0.7755 0.981303 0.750247 5.66154e-05 6.18765e-06 4.2193e-05
0.7765 0.981407 0.751357 5.66154e-05 6.18765e-06 4.2193e-05
0.7775 0.981512 0.752467 5.66154e-05 6.18765e-06 4.2193e-05
0.7785 0.981616 0.753577 5.66154e-05 6.18765e-06 4.2193e-05
0.7795 0.98172 0.754687 5.66154e-05 6.18765e-06 4.2193e-05
0.7805 0.981824 0.755797 5.66154e-05 6.18765e-06 4.2193e-05
0.7815 0.981928 0.756907 5.66154e-05 6.18765e-06 4.2193e-05
0.7825 0.982031 0.758017 5.66154e-05 6.18765e-06 4.2193e-05
0.7835 0.982134 0.759127 5.66154e-05 6.18765e-06 4.2193e-05
0.7845 0.982237 0.760237 5.66154e-05 6.18765e-06 4.2193e-05
0.7855 0.98234 0.761347 5.66154e-05 6.18765e-06 4.2193e-05
0.7865 0.982442 0.762457 5.66154e-05 6.18765e-06 4.2193e-05
0.7875 0.982544 0.763567 5.66154e-05 6.18765e-06 4.2193e-05
0.7885 0.982646 0.764677 5.66154e-05 6.18765e-06 4.2193e-05
0.7895 0.982748 0.765788 5.66154e-05 6.18765e-06 4.2193e-05
0.7905 0.982849 0.766898 5.66154e-05 6.18765e-06 4.2193e-05
0.7915 0.98295 0.768008 5.66154e-05 6.18765e-06 4.2193e-05
0.7925 0.983051 0.769119 5.66154e-05 6.18765e-06 4.2193e-05
0.7935 0.983152 0.770229 5.66154e-05 6.18765e-06 4.2193e-05
0.7945 0.983252 0.771339 5.66154e-05 6.18765e-06 4.2193e-05
0.7955 0.983352 0.77245 5.66154e-05 6.18765e-06 4.2193e-05
0.7965 0.983452 0.77356 5.66154e-05 6.18765e-06 4.2193e-05
0.7975 0.983552 0.774671 5.66154e-05 6.18765e-06 4.2193e-05
0.7985 0.983652 0.775781 5.66154e-05 6.18765e-06 4.2193e-05
0.7995 0.983751 0.776892 5.66154e-05 6.18765e-06 4.2193e-05
0.8005 0.98385 0.778002 5.66154e-05 6.18765e-06 4.2193e-05
0.8015 0.983949 0.779113 5.66154e-05 6.18765e-06 4.2193e-05
0.8025 0.984048 0.780223 5.66154e-05 6.18765e-06 4.2193e-05
0.8035 0.984146 0.781334 5.66154e-05 6.18765e-06 4.2193e-05
0.8045 0.984244 0.782445 5.66154e-05 6.18765e-06 4.2193e-05
0.8055 0.984342 0.783555 5.66154e-05 6.18765e-06 4.2193e-05
0.8065 0.98444 0.784666 5.66154e-05 6.18765e-06 4.2193e-05
0.8075 0.984538 0.785777 5.66154e-05 6.18765e-06 4.2193e-05
0.8085 0.984635 0.786887 5.66154e-05 6.18765e-06 4.2193e-05
0.8095 0.984732 0.787998 5.66154e-05 6.18765e-06 4.2193e-05
0.8105 0.984829 0.789109 5.66154e-05 6.18765e-06 4.2193e-05
0.8115 0.984926 0.79022 5.66154e-05 6.18765e-06 4.2193e-05
0.8125 0.985022 0.791331 5.66154e-05 6.18765e-06 4.2193e-05
0.8135 0.985118 0.792442 5.66154e-05 6.18765e-06 4.2193e-05
0.8145 0.985214 0.793553 5.66154e-05 6.18765e-06 4.2193e-05
0.8155 0.98531 0.794664 5.66154e-05 6.18765e-06 4.2193e-05
0.8165 0.985406 0.795775 5.66154e-05 6.18765e-06 4.2193e-05
0.8175 0.985501 0.796886 5.66154e-05 6.18765e-06 4.2193e-05
0.8185 0.985596 0.797997 5.66154e-05 6.18765e-06 4.2193e-05
0.8195 0.985691 0.799108 5.66154e-05 6.18765e-06 4.2193e-05
0.8205 0.985786 0.800219 5.66154e-05 6.18765e-06 4.2193e-05
0.8215 0.98588 0.80133 5.66154e-05 6.18765e-06 4.2193e-05
0.8225 0.985975 0.802441 5.66154e-05 6.18765e-06 4.2193e-05
0.8235 0.986069 0.803552 5.66154e-05 6.18765e-06 4.2193e-05
0.8245 0.986163 0.804663 5.66154e-05 6.18765e-06 4.2193e-05
0.8255 0.986256 0.805774 5.66154e-05 6.18765e-06 4.2193e-05
0.8265 0.98635 0.806886 5.66154e-05 6.18765e-06 4.2193e-05
0.8275 0.986443 0.807997 5.66154e-05 6.18765e-06 4.2193e-05
0.8285 0.986536 0.809108 5.66154e-05 6.18765e-06 4.2193e-05
0.8295 0.986629 0.81022 5.66154e-05 6.18765e-06 4.2193e-05
0.8305 0.986722 0.811331 5.66154e-05 6.18765e-06 4.2193e-05
0.8315 0.986814 0.812442 5.66154e-05 6.18765e-06 4.2193e-05
0.8325 0.986906 0.813554 5.66154e-05 6.18765e-06 4.2193e-05
0.8335 0.986998 0.814665 5.66154e-05 6.18765e-06 4.2193e-05
0.8345 0.98709 0.815776 5.66154e-05 6.18765e-06 4.2193e-05
0.8355 0.987182 0.816888 5.66154e-05 6.18765e-06 4.2193e-05
0.8365 0.987273 0.817999 5.66154e-05 6.18765e-06 4.2193e-05
0.8375 0.987365 0.819111 5.66154e-05 6.18765e-06 4.2193e-05
0.8385 0.987456 0.820222 5.66154e-05 6.18765e-06 4.2193e-05
0.8395 0.987547 0.821334 5.66154e-05 6.18765e-06 4.2193e-05
0.8405 0.987637 0.822446 5.66154e-05 6.18765e-06 4.2193e-05
0.8415 0.987728 0.823557 5.66154e-05 6.18765e-06 4.2193e-05
0.8425 0.987818 0.824669 5.66154e-05 6.18765e-06 4.2193e-05
0.8435 0.987908 0.82578 5.66154e-05 6.18765e-06 4.2193e-05
0.8445 0.987998 0.826892 5.66154e-05 6.18765e-06 4.2193e-05
0.8455 0.988088 0.828004 5.66154e-05 6.18765e-06 4.2193e-05
0.8465 0.988177 0.829116 5.66154e-05 6.18765e-06 4.2193e-05
0.8475 0.988267 0.830227 5.66154e-05 6.18765e-06 4.2193e-05
0.8485 0.988356 0.831339 5.66154e-05 6.18765e-06 4.2193e-05
0.8495 0.988445 0.832451 5.66154e-05 6.18765e-06 4.2193e-05
0.8505 0.988533 0.833563 5.66154e-05 6.18765e-06 4.2193e-05
0.8515 0.988622 0.834675 5.66154e-05 6.18765e-06 4.2193e-05
0.8525 0.98871 0.835786 5.66154e-05 6.18765e-06 4.2193e-05
0.8535 0.988798 0.836898 5.66154e-05 6.18765e-06 4.2193e-05
0.8545 0.988886 0.83801 5.66154e-05 6.18765e-06 4.2193e-05
0.8555 0.988974 0.839122 5.66154e-05 6.18765e-06 4.2193e-05
0.8565 0.989062 0.840234 5.66154e-05 6.18765e-06 4.2193e-05
0.8575 0.989149 0.841346 5.66154e-05 6.18765e-06 4.2193e-05
0.8585 0.989237 0.842458 5.66154e-05 6.18765e-06 4.2193e-05
0.8595 0.989324 0.84357 5.66154e-05 6.18765e-06 4.2193e-05
0.8605 0.989411 0.844682 5.66154e-05 6.18765e-06 4.2193e-05
0.8615 0.989497 0.845794 5.66154e-05 6.18765e-06 4.2193e-05
0.8625 0.989584 0.846906 5.66154e-05 6.18765e-06 4.2193e-05
0.8635 0.98967 0.848018 5.66154e-05 6.18765e-06 4.2193e-05
0.8645 0.989756 0.84913 5.66154e-05 6.18765e-06 4.2193e-05
0.8655 0.989842 0.850243 5.66154e-05 6.18765e-06 4.2193e-05
0.8665 0.989928 0.851355 5.66154e-05 6.18765e-06 4.2193e-05
0.8675 0.990014 0.852467 5.66154e-05 6.18765e-06 4.2193e-05
0.8685 0.990099 0.853579 5.66154e-05 6.18765e-06 4.2193e-05
0.8695 0.990185 0.854691 5.66154e-05 6.18765e-06 4.2193e-05
0.8705 0.99027 0.855804 5.66154e-05 6.18765e-06 4.2193e-05
0.8715 0.990355 0.856916 5.66154e-05 6.18765e-06 4.2193e-05
0.8725 0.990439 0.858028 5.66154e-05 6.18765e-06 4.2193e-05
0.8735 0.990524 0.859141 5.66154e-05 6.18765e-06 4.2193e-05
0.8745 0.990608 0.860253 5.66154e-05 6.18765e-06 4.2193e-05
0.8755 0.990693 0.861365 5.66154e-05 6.18765e-06 4.2193e-05
0.8765 0.990777 0.862478 5.66154e-05 6.18765e-06 4.2193e-05
0.8775 0.990861 0.86359 5.66154e-05 6.18765e-06 4.2193e-05
0.8785 0.990944 0.864703 5.66154e-05 6.18765e-06 4.2193e-05
0.8795 0.991028 0.865815 5.66154e-05 6.18765e-06 4.2193e-05
0.8805 0.991111 0.866927 5.66154e-05 6.18765e-06 4.2193e-05
0.8815 0.991195 0.86804 5.66154e-05 6.18765e-06 4.2193e-05
0.8825 0.991278 0.869152 5.66154e-05 6.18765e-06 4.2193e-05
0.8835 0.99136 0.870265 5.66154e-05 6.18765e-06 4.2193e-05
0.8845 0.991443 0.871378 5.66154e-05 6.18765e-06 4.2193e-05
0.8855 0.991526 0.87249 5.66154e-05 6.18765e-06 4.2193e-05
0.8865 0.991608 0.873603 5.66154e-05 6.18765e-06 4.2193e-05
0.8875 0.99169 0.874715 5.66154e-05 6.18765e-06 4.2193e-05
0.8885 0.991772 0.875828 5.66154e-05 6.18765e-06 4.2193e-05
0.8895 0.991854 0.876941 5.66154e-05 6.18765e-06 4.2193e-05
0.8905 0.991936 0.878053 5.66154e-05 6.18765e-06 4.2193e-05
0.8915 0.992018 0.879166 5.66154e-05 6.18765e-06 4.2193e-05
0.8925 0.992099 0.880279 5.66154e-05 6.18765e-06 4.2193e-05
0.8935 0.99218 0.881391 5.66154e-05 6.18765e-06 4.2193e-05
0.8945 0.992261 0.882504 5.66154e-05 6.18765e-06 4.2193e-05
0.8955 0.992342 0.883617 5.66154e-05 6.18765e-06 4.2193e-05
0.8965 0.992423 0.88473 5.66154e-05 6.18765e-06 4.2193e-05
0.8975 0.992503 0.885843 5.66154e-05 6.18765e-06 4.2193e-05
0.8985 0.992584 0.886955 5.66154e-05 6.18765e-06 4.2193e-05
0.8995 0.992664 0.888068 5.66154e-05 6.18765e-06 4.2193e-05
0.9005 0.992744 0.889181 5.66154e-05 6.18765e-06 4.2193e-05
0.9015 0.992824 0.890294 5.66154e-05 6.18765e-06 4.2193e-05
0.9025 0.992904 0.891407 5.66154e-05 6.18765e-06 4.2193e-05
0.9035 0.992984 0.89252 5.66154e-05 6.18765e-06 4.2193e-05
0.9045 0.993063 0.893633 5.66154e-05 6.18765e-06 4.2193e-05
0.9055 0.993142 0.894746 5.66154e-05 6.18765e-06 4.2193e-05
0.9065 0.993222 0.895859 5.66154e-05 6.18765e-06 4.2193e-05
0.9075 0.993301 0.896972 5.66154e-05 6.18765e-06 4.2193e-05
0.9085 0.993379 0.898085 5.66154e-05 6.18765e-06 4.2193e-05
0.9095 0.993458 0.899198 5.66154e-05 6.18765e-06 4.2193e-05
0.9105 0.993537 0.900311 5.66154e-05 6.18765e-06 4.2193e-05
0.9115 0.993615 0.901424 5.66154e-05 6.18765e-06 4.2193e-05
0.9125 0.993693 0.902537 5.66154e-05 6.18765e-06 4.2193e-05
0.9135 0.993771 0.90365 5.66154e-05 6.18765e-06 4.2193e-05
0.9145 0.993849 0.904763 5.66154e-05 6.18765e-06 4.2193e-05
0.9155 0.993927 0.905877 5.66154e-05 6.18765e-06 4.2193e-05
0.9165 0.994005 0.90699 5.66154e-05 6.18765e-06 4.2193e-05
0.9175 0.994082 0.908103 5.66154e-05 6.18765e-06 4.2193e-05
0.9185 0.994159 0.909216 5.66154e-05 6.18765e-06 4.2193e-05
0.9195 0.994237 0.910329 5.66154e-05 6.18765e-06 4.2193e-05
0.9205 0.994314 0.911443 5.66154e-05 6.18765e-06 4.2193e-05
0.9215 0.994391 0.912556 5.66154e-05 6.18765e-06 4.2193e-05
0.9225 0.994467 0.913669 5.66154e-05 6.18765e-06 4.2193e-05
0.9235 0.994544 0.914782 5.66154e-05 6.18765e-06 4.2193e-05
0.9245 0.99462 0.915896 5.66154e-05 6.18765e-06 4.2193e-05
0.9255 0.994697 0.917009 5.66154e-05 6.18765e-06 4.2193e-05
0.9265 0.994773 0.918123 5.66154e-05 6.18765e-06 4.2193e-05
0.9275 0.994849 0.919236 5.66154e-05 6.18765e-06 4.2193e-05
0.9285 0.994925 0.920349 5.66154e-05 6.18765e-06 4.2193e-05
0.9295 0.995 0.921463 5.66154e-05 6.18765e-06 4.2193e-05
0.9305 0.995076 0.922576 5.66154e-05 6.18765e-06 4.2193e-05
0.9315 0.995151 0.92369 5.66154e-05 6.18765e-06 4.2193e-05
0.9325 0.995227 0.924803 5.66154e-05 6.18765e-06 4.2193e-05
0.9335 0.995302 0.925917 5.66154e-05 6.18765e-06 4.2193e-05
0.9345 0.995377 0.92703 5.66154e-05 6.18765e-06 4.2193e-05
0.9355 0.995452 0.928144 5.66154e-05 6.18765e-06 4.2193e-05
0.9365 0.995526 0.929257 5.66154e-05 6.18765e-06 4.2193e-05
0.9375 0.995601 0.930371 5.66154e-05 6.18765e-06 4.2193e-05
0.9385 0.995675 0.931484 5.66154e-05 6.18765e-06 4.2193e-05
0.9395 0.99575 0.932598 5.66154e-05 6.18765e-06 4.2193e-05
0.9405 0.995824 0.933711 5.66154e-05 6.18765e-06 4.2193e-05
0.9415 0.995898 0.934825 5.66154e-05 6.18765e-06 4.2193e-05
0.9425 0.995972 0.935939 5.66154e-05 6.18765e-06 4.2193e-05
0.9435 0.996045 0.937052 5.66154e-05 6.18765e-06 4.2193e-05
0.9445 0.996119 0.938166 5.66154e-05 6.18765e-06 4.2193e-05
0.9455 0.996192 0.93928 5.66154e-05 6.18765e-06 4.2193e-05
0.9465 0.996266 0.940393 5.66154e-05 6.18765e-06 4.2193e-05
0.9475 0.996339 0.941507 5.66154e-05 6.18765e-06 4.2193e-05
0.9485 0.996412 0.942621 5.66154e-05 6.18765e-06 4.2193e-05
0.9495 0.996485 0.943735 5.66154e-05 6.18765e-06 4.2193e-05
