0.0035 0.020713 0.00142922 5.70155e-05 6.12259e-06 4.2555e-05
0.0045 0.0265002 0.00183866 5.70155e-05 6.15281e-06 4.25373e-05
0.0055 0.0322308 0.00224859 5.69728e-05 6.1784e-06 4.24877e-05
0.0065 0.0379057 0.002659 5.67489e-05 6.18419e-06 4.23031e-05
0.0075 0.0435257 0.0030699 5.65268e-05 6.18995e-06 4.21199e-05
0.0085 0.0490915 0.0034813 5.63064e-05 6.19565e-06 4.19382e-05
0.0095 0.054604 0.00389318 5.60877e-05 6.20132e-06 4.17578e-05
0.0105 0.0600639 0.00430555 5.58708e-05 6.20694e-06 4.15789e-05
0.0115 0.0654719 0.00471842 5.56555e-05 6.21252e-06 4.14013e-05
0.0125 0.0708288 0.00513178 5.54418e-05 6.21805e-06 4.12252e-05
0.0135 0.0761354 0.00554563 5.52298e-05 6.22354e-06 4.10503e-05
0.0145 0.0813922 0.00595998 5.50194e-05 6.22899e-06 4.08768e-05
0.0155 0.0866001 0.00637482 5.48106e-05 6.2344e-06 4.07046e-05
0.0165 0.0917597 0.00679016 5.46034e-05 6.23977e-06 4.05337e-05
0.0175 0.0968716 0.00720599 5.43977e-05 6.24509e-06 4.03641e-05
0.0185 0.101937 0.00762233 5.41936e-05 6.25038e-06 4.01958e-05
0.0195 0.106955 0.00803916 5.3991e-05 6.25563e-06 4.00287e-05
0.0205 0.111928 0.0084565 5.37899e-05 6.26084e-06 3.98629e-05
0.0215 0.116856 0.00887433 5.35903e-05 6.26601e-06 3.96983e-05
0.0225 0.121739 0.00929267 5.33922e-05 6.27114e-06 3.95349e-05
0.0235 0.126579 0.00971151 5.31955e-05 6.27623e-06 3.93727e-05
0.0245 0.131375 0.0101308 5.30003e-05 6.28129e-06 3.92117e-05
0.0255 0.136128 0.0105507 5.28065e-05 6.28631e-06 3.90519e-05
0.0265 0.14084 0.010971 5.26141e-05 6.29129e-06 3.88933e-05
0.0275 0.14551 0.0113919 5.24232e-05 6.29624e-06 3.87358e-05
0.0285 0.150138 0.0118133 5.22336e-05 6.30115e-06 3.85794e-05
0.0295 0.154727 0.0122351 5.20453e-05 6.30602e-06 3.84242e-05
0.0305 0.159275 0.0126575 5.18584e-05 6.31086e-06 3.82701e-05
0.0315 0.163784 0.0130804 5.16729e-05 6.31567e-06 3.81171e-05
0.0325 0.168254 0.0135038 5.14887e-05 6.32044e-06 3.79652e-05
0.0335 0.172685 0.0139277 5.13058e-05 6.32518e-06 3.78143e-05
0.0345 0.177079 0.0143522 5.11242e-05 6.32988e-06 3.76646e-05
0.0355 0.181435 0.0147771 5.09438e-05 6.33455e-06 3.75158e-05
0.0365 0.185754 0.0152026 5.07648e-05 6.33919e-06 3.73682e-05
0.0375 0.190037 0.0156286 5.05869e-05 6.3438e-06 3.72215e-05
0.0385 0.194283 0.016055 5.04104e-05 6.34837e-06 3.70759e-05
0.0395 0.198494 0.0164821 5.0235e-05 6.35291e-06 3.69313e-05
0.0405 0.20267 0.0169096 5.00609e-05 6.35742e-06 3.67877e-05
0.0415 0.206811 0.0173376 4.9888e-05 6.3619e-06 3.66451e-05
0.0425 0.210918 0.0177662 4.97163e-05 6.36635e-06 3.65035e-05
0.0435 0.214991 0.0181953 4.95457e-05 6.37077e-06 3.63629e-05
0.0445 0.219031 0.0186249 4.93763e-05 6.37515e-06 3.62232e-05
0.0455 0.223037 0.019055 4.92081e-05 6.37951e-06 3.60844e-05
0.0465 0.227011 0.0194857 4.9041e-05 6.38384e-06 3.59466e-05
0.0475 0.230953 0.0199169 4.8875e-05 6.38814e-06 3.58098e-05
0.0485 0.234863 0.0203486 4.87102e-05 6.39241e-06 3.56738e-05
0.0495 0.238741 0.0207808 4.85464e-05 6.39665e-06 3.55388e-05
0.0505 0.242588 0.0212136 4.83838e-05 6.40086e-06 3.54047e-05
0.0515 0.246405 0.0216469 4.82223e-05 6.40505e-06 3.52715e-05
0.0525 0.250191 0.0220807 4.80618e-05 6.4092e-06 3.51391e-05
0.0535 0.253948 0.022515 4.79024e-05 6.41333e-06 3.50077e-05
0.0545 0.257674 0.0229499 4.7744e-05 6.41743e-06 3.48771e-05
0.0555 0.261372 0.0233853 4.75867e-05 6.42151e-06 3.47473e-05
0.0565 0.26504 0.0238213 4.74304e-05 6.42556e-06 3.46185e-05
0.0575 0.26868 0.0242578 4.72752e-05 6.42958e-06 3.44904e-05
0.0585 0.272292 0.0246948 4.71209e-05 6.43357e-06 3.43632e-05
0.0595 0.275875 0.0251323 4.69677e-05 6.43754e-06 3.42369e-05
0.0605 0.279432 0.0255704 4.68154e-05 6.44149e-06 3.41113e-05
0.0615 0.28296 0.0260091 4.66642e-05 6.4454e-06 3.39866e-05
0.0625 0.286462 0.0264483 4.65139e-05 6.4493e-06 3.38626e-05
0.0635 0.289937 0.026888 4.63646e-05 6.45316e-06 3.37395e-05
0.0645 0.293386 0.0273282 4.62162e-05 6.45701e-06 3.36171e-05
0.0655 0.296809 0.027769 4.60688e-05 6.46083e-06 3.34956e-05
0.0665 0.300206 0.0282104 4.59223e-05 6.46462e-06 3.33748e-05
0.0675 0.303577 0.0286523 4.57767e-05 6.46839e-06 3.32547e-05
0.0685 0.306924 0.0290947 4.56321e-05 6.47214e-06 3.31355e-05
0.0695 0.310245 0.0295377 4.54884e-05 6.47586e-06 3.30169e-05
0.0705 0.313542 0.0299812 4.53455e-05 6.47956e-06 3.28991e-05
0.0715 0.316814 0.0304253 4.52036e-05 6.48323e-06 3.27821e-05
0.0725 0.320062 0.0308699 4.50626e-05 6.48689e-06 3.26658e-05
0.0735 0.323287 0.0313151 4.49224e-05 6.49052e-06 3.25502e-05
0.0745 0.326488 0.0317608 4.47831e-05 6.49413e-06 3.24353e-05
0.0755 0.329665 0.0322071 4.46447e-05 6.49771e-06 3.23212e-05
0.0765 0.33282 0.0326539 4.45071e-05 6.50127e-06 3.22077e-05
0.0775 0.335952 0.0331013 4.43704e-05 6.50482e-06 3.20949e-05
0.0785 0.339061 0.0335493 4.42345e-05 6.50834e-06 3.19829e-05
0.0795 0.342148 0.0339978 4.40994e-05 6.51183e-06 3.18715e-05
0.0805 0.345212 0.0344469 4.39652e-05 6.51531e-06 3.17608e-05
0.0815 0.348255 0.0348965 4.38317e-05 6.51877e-06 3.16507e-05
0.0825 0.351276 0.0353467 4.36991e-05 6.5222e-06 3.15414e-05
0.0835 0.354276 0.0357974 4.35673e-05 6.52562e-06 3.14327e-05
0.0845 0.357255 0.0362487 4.34362e-05 6.52901e-06 3.13246e-05
0.0855 0.360213 0.0367006 4.3306e-05 6.53239e-06 3.12172e-05
0.0865 0.36315 0.037153 4.31765e-05 6.53574e-06 3.11104e-05
0.0875 0.366067 0.037606 4.30478e-05 6.53907e-06 3.10043e-05
0.0885 0.368963 0.0380596 4.29199e-05 6.54239e-06 3.08988e-05
0.0895 0.371839 0.0385137 4.27927e-05 6.54568e-06 3.07939e-05
0.0905 0.374696 0.0389684 4.26663e-05 6.54895e-06 3.06897e-05
0.0915 0.377533 0.0394237 4.25406e-05 6.55221e-06 3.0586e-05
0.0925 0.38035 0.0398795 4.24157e-05 6.55545e-06 3.0483e-05
0.0935 0.383148 0.0403359 4.22915e-05 6.55866e-06 3.03806e-05
0.0945 0.385927 0.0407929 4.2168e-05 6.56186e-06 3.02788e-05
0.0955 0.388687 0.0412505 4.20453e-05 6.56504e-06 3.01775e-05
0.0965 0.391428 0.0417086 4.19232e-05 6.5682e-06 3.00769e-05
0.0975 0.394151 0.0421673 4.18019e-05 6.57134e-06 2.99768e-05
0.0985 0.396856 0.0426266 4.16812e-05 6.57447e-06 2.98773e-05
0.0995 0.399543 0.0430865 4.15613e-05 6.57758e-06 2.97784e-05
0.1005 0.402211 0.043547 4.1442e-05 6.58067e-06 2.96801e-05
0.1015 0.404862 0.044008 4.13234e-05 6.58374e-06 2.95823e-05
0.1025 0.407495 0.0444696 4.12055e-05 6.58679e-06 2.9485e-05
0.1035 0.410111 0.0449318 4.10883e-05 6.58983e-06 2.93884e-05
0.1045 0.41271 0.0453946 4.09718e-05 6.59285e-06 2.92922e-05
0.1055 0.415291 0.0458579 4.08558e-05 6.59585e-06 2.91967e-05
0.1065 0.417856 0.0463219 4.07406e-05 6.59883e-06 2.91016e-05
0.1075 0.420404 0.0467864 4.0626e-05 6.6018e-06 2.90071e-05
0.1085 0.422936 0.0472515 4.0512e-05 6.60475e-06 2.89131e-05
0.1095 0.425451 0.0477172 4.03987e-05 6.60769e-06 2.88197e-05
0.1105 0.427949 0.0481835 4.0286e-05 6.61061e-06 2.87267e-05
0.1115 0.430432 0.0486504 4.0174e-05 6.61351e-06 2.86343e-05
0.1125 0.432899 0.0491179 4.00625e-05 6.6164e-06 2.85424e-05
0.1135 0.43535 0.049586 3.99517e-05 6.61927e-06 2.8451e-05
0.1145 0.437785 0.0500547 3.98415e-05 6.62212e-06 2.83601e-05
0.1155 0.440205 0.050524 3.97319e-05 6.62496e-06 2.82698e-05
0.1165 0.442609 0.0509938 3.96229e-05 6.62778e-06 2.81799e-05
0.1175 0.444999 0.0514643 3.95145e-05 6.63059e-06 2.80905e-05
0.1185 0.447373 0.0519354 3.94067e-05 6.63338e-06 2.80016e-05
0.1195 0.449732 0.052407 3.92994e-05 6.63616e-06 2.79131e-05
0.1205 0.452077 0.0528793 3.91928e-05 6.63892e-06 2.78252e-05
0.1215 0.454407 0.0533522 3.90867e-05 6.64167e-06 2.77377e-05
0.1225 0.456722 0.0538257 3.89812e-05 6.6444e-06 2.76507e-05
0.1235 0.459024 0.0542997 3.88763e-05 6.64712e-06 2.75642e-05
0.1245 0.46131 0.0547744 3.87719e-05 6.64983e-06 2.74781e-05
0.1255 0.463583 0.0552497 3.86681e-05 6.65251e-06 2.73925e-05
0.1265 0.465842 0.0557256 3.85648e-05 6.65519e-06 2.73073e-05
0.1275 0.468087 0.0562022 3.84621e-05 6.65785e-06 2.72227e-05
0.1285 0.470318 0.0566793 3.836e-05 6.66049e-06 2.71384e-05
0.1295 0.472536 0.057157 3.82584e-05 6.66313e-06 2.70546e-05
0.1305 0.474741 0.0576354 3.81573e-05 6.66574e-06 2.69713e-05
0.1315 0.476932 0.0581143 3.80567e-05 6.66835e-06 2.68883e-05
0.1325 0.479109 0.0585939 3.79567e-05 6.67094e-06 2.68059e-05
0.1335 0.481274 0.0590741 3.78572e-05 6.67352e-06 2.67238e-05
0.1345 0.483426 0.059555 3.77583e-05 6.67608e-06 2.66422e-05
0.1355 0.485564 0.0600364 3.76598e-05 6.67863e-06 2.6561e-05
0.1365 0.48769 0.0605185 3.75619e-05 6.68117e-06 2.64802e-05
0.1375 0.489804 0.0610011 3.74644e-05 6.68369e-06 2.63999e-05
0.1385 0.491905 0.0614844 3.73675e-05 6.6862e-06 2.63199e-05
0.1395 0.493993 0.0619684 3.7271e-05 6.6887e-06 2.62404e-05
0.1405 0.49607 0.0624529 3.71751e-05 6.69118e-06 2.61613e-05
0.1415 0.498134 0.0629381 3.70797e-05 6.69366e-06 2.60826e-05
0.1425 0.500186 0.0634239 3.69847e-05 6.69612e-06 2.60043e-05
0.1435 0.502225 0.0639104 3.68902e-05 6.69856e-06 2.59264e-05
0.1445 0.504254 0.0643974 3.67963e-05 6.701e-06 2.58489e-05
0.1455 0.50627 0.0648851 3.67027e-05 6.70342e-06 2.57717e-05
0.1465 0.508275 0.0653735 3.66097e-05 6.70583e-06 2.5695e-05
0.1475 0.510268 0.0658624 3.65171e-05 6.70823e-06 2.56187e-05
0.1485 0.512249 0.066352 3.6425e-05 6.71061e-06 2.55427e-05
0.1495 0.514219 0.0668423 3.63334e-05 6.71299e-06 2.54672e-05
0.1505 0.516178 0.0673331 3.62422e-05 6.71535e-06 2.5392e-05
0.1515 0.518126 0.0678247 3.61515e-05 6.7177e-06 2.53172e-05
0.1525 0.520063 0.0683168 3.60612e-05 6.72004e-06 2.52427e-05
0.1535 0.521989 0.0688096 3.59714e-05 6.72236e-06 2.51686e-05
0.1545 0.523904 0.0693031 3.58821e-05 6.72468e-06 2.50949e-05
0.1555 0.525808 0.0697971 3.57931e-05 6.72698e-06 2.50216e-05
0.1565 0.527701 0.0702919 3.57046e-05 6.72927e-06 2.49486e-05
0.1575 0.529584 0.0707873 3.56166e-05 6.73155e-06 2.4876e-05
0.1585 0.531456 0.0712833 3.5529e-05 6.73382e-06 2.48038e-05
0.1595 0.533318 0.07178 3.54418e-05 6.73608e-06 2.47319e-05
0.1605 0.535169 0.0722773 3.5355e-05 6.73833e-06 2.46603e-05
0.1615 0.53701 0.0727753 3.52687e-05 6.74056e-06 2.45891e-05
0.1625 0.538841 0.0732739 3.51828e-05 6.74279e-06 2.45183e-05
0.1635 0.540662 0.0737732 3.50973e-05 6.745e-06 2.44478e-05
0.1645 0.542473 0.0742731 3.50122e-05 6.74721e-06 2.43776e-05
0.1655 0.544274 0.0747737 3.49275e-05 6.7494e-06 2.43078e-05
0.1665 0.546065 0.075275 3.48432e-05 6.75158e-06 2.42383e-05
0.1675 0.547846 0.0757769 3.47594e-05 6.75376e-06 2.41691e-05
0.1685 0.549618 0.0762794 3.46759e-05 6.75592e-06 2.41003e-05
0.1695 0.55138 0.0767827 3.45929e-05 6.75807e-06 2.40318e-05
0.1705 0.553132 0.0772866 3.45102e-05 6.76021e-06 2.39636e-05
0.1715 0.554875 0.0777911 3.44279e-05 6.76234e-06 2.38958e-05
0.1725 0.556609 0.0782964 3.43461e-05 6.76446e-06 2.38283e-05
0.1735 0.558333 0.0788023 3.42646e-05 6.76657e-06 2.37611e-05
0.1745 0.560048 0.0793088 3.41835e-05 6.76867e-06 2.36942e-05
0.1755 0.561754 0.0798161 3.41028e-05 6.77076e-06 2.36276e-05
0.1765 0.563451 0.080324 3.40224e-05 6.77284e-06 2.35614e-05
0.1775 0.565139 0.0808326 3.39425e-05 6.77491e-06 2.34954e-05
0.1785 0.566817 0.0813418 3.38629e-05 6.77698e-06 2.34298e-05
0.1795 0.568487 0.0818517 3.37837e-05 6.77903e-06 2.33645e-05
0.1805 0.570149 0.0823623 3.37048e-05 6.78107e-06 2.32995e-05
0.1815 0.571801 0.0828736 3.36264e-05 6.7831e-06 2.32348e-05
0.1825 0.573445 0.0833856 3.35482e-05 6.78513e-06 2.31703e-05
0.1835 0.57508 0.0838982 3.34705e-05 6.78714e-06 2.31062e-05
0.1845 0.576707 0.0844116 3.33931e-05 6.78914e-06 2.30424e-05
0.1855 0.578325 0.0849256 3.33161e-05 6.79114e-06 2.29789e-05
0.1865 0.579935 0.0854403 3.32394e-05 6.79313e-06 2.29156e-05
0.1875 0.581537 0.0859556 3.31631e-05 6.7951e-06 2.28527e-05
0.1885 0.58313 0.0864717 3.30871e-05 6.79707e-06 2.279e-05
0.1895 0.584715 0.0869885 3.30115e-05 6.79903e-06 2.27277e-05
0.1905 0.586292 0.0875059 3.29362e-05 6.80098e-06 2.26656e-05
0.1915 0.587861 0.0880241 3.28612e-05 6.80292e-06 2.26038e-05
0.1925 0.589421 0.0885429 3.27866e-05 6.80485e-06 2.25423e-05
0.1935 0.590974 0.0890624 3.27124e-05 6.80678e-06 2.2481e-05
0.1945 0.592519 0.0895826 3.26385e-05 6.80869e-06 2.24201e-05
0.1955 0.594057 0.0901036 3.25649e-05 6.8106e-06 2.23594e-05
0.1965 0.595586 0.0906252 3.24916e-05 6.81249e-06 2.2299e-05
0.1975 0.597108 0.0911475 3.24187e-05 6.81438e-06 2.22388e-05
0.1985 0.598622 0.0916705 3.23461e-05 6.81626e-06 2.21789e-05
0.1995 0.600128 0.0921942 3.22738e-05 6.81814e-06 2.21193e-05
0.2005 0.601627 0.0927187 3.22018e-05 6.82e-06 2.206e-05
0.2015 0.603118 0.0932438 3.21302e-05 6.82186e-06 2.20009e-05
0.2025 0.604602 0.0937696 3.20589e-05 6.8237e-06 2.19421e-05
0.2035 0.606079 0.0942962 3.19879e-05 6.82554e-06 2.18835e-05
0.2045 0.607548 0.0948234 3.19172e-05 6.82737e-06 2.18252e-05
0.2055 0.60901 0.0953514 3.18468e-05 6.8292e-06 2.17672e-05
0.2065 0.610465 0.0958801 3.17767e-05 6.83101e-06 2.17094e-05
0.2075 0.611913 0.0964095 3.17069e-05 6.83282e-06 2.16519e-05
0.2085 0.613353 0.0969396 3.16375e-05 6.83462e-06 2.15946e-05
0.2095 0.614787 0.0974704 3.15683e-05 6.83641e-06 2.15376e-05
0.2105 0.616213 0.098002 3.14995e-05 6.83819e-06 2.14808e-05
0.2115 0.617633 0.0985342 3.14309e-05 6.83997e-06 2.14243e-05
0.2125 0.619046 0.0990672 3.13627e-05 6.84174e-06 2.1368e-05
0.2135 0.620452 0.0996009 3.12947e-05 6.8435e-06 2.13119e-05
0.2145 0.621851 0.100135 3.12271e-05 6.84525e-06 2.12561e-05
0.2155 0.623243 0.100671 3.11597e-05 6.84699e-06 2.12006e-05
0.2165 0.624628 0.101206 3.10926e-05 6.84873e-06 2.11453e-05
0.2175 0.626007 0.101743 3.10258e-05 6.85046e-06 2.10902e-05
0.2185 0.62738 0.10228 3.09593e-05 6.85218e-06 2.10353e-05
0.2195 0.628745 0.102818 3.08931e-05 6.8539e-06 2.09807e-05
0.2205 0.630105 0.103357 3.08271e-05 6.85561e-06 2.09263e-05
0.2215 0.631458 0.103897 3.07615e-05 6.85731e-06 2.08722e-05
0.2225 0.632804 0.104437 3.06961e-05 6.859e-06 2.08183e-05
0.2235 0.634144 0.104978 3.0631e-05 6.86069e-06 2.07646e-05
0.2245 0.635478 0.10552 3.05662e-05 6.86237e-06 2.07111e-05
0.2255 0.636805 0.106062 3.05016e-05 6.86404e-06 2.06579e-05
0.2265 0.638126 0.106606 3.04373e-05 6.8657e-06 2.06049e-05
0.2275 0.639441 0.10715 3.03733e-05 6.86736e-06 2.05521e-05
0.2285 0.64075 0.107694 3.03096e-05 6.86901e-06 2.04995e-05
0.2295 0.642053 0.10824 3.02461e-05 6.87066e-06 2.04472e-05
0.2305 0.643349 0.108786 3.01829e-05 6.87229e-06 2.0395e-05
0.2315 0.64464 0.109333 3.01199e-05 6.87392e-06 2.03431e-05
0.2325 0.645925 0.109881 3.00572e-05 6.87555e-06 2.02914e-05
0.2335 0.647203 0.110429 2.99948e-05 6.87716e-06 2.024e-05
0.2345 0.648476 0.110979 2.99327e-05 6.87878e-06 2.01887e-05
0.2355 0.649743 0.111529 2.98708e-05 6.88038e-06 2.01376e-05
0.2365 0.651004 0.112079 2.98091e-05 6.88198e-06 2.00868e-05
0.2375 0.65226 0.112631 2.97477e-05 6.88357e-06 2.00362e-05
0.2385 0.653509 0.113183 2.96866e-05 6.88515e-06 1.99857e-05
0.2395 0.654753 0.113736 2.96257e-05 6.88673e-06 1.99355e-05
0.2405 0.655991 0.11429 2.9565e-05 6.8883e-06 1.98855e-05
0.2415 0.657224 0.114845 2.95046e-05 6.88986e-06 1.98357e-05
0.2425 0.658451 0.1154 2.94445e-05 6.89142e-06 1.97861e-05
0.2435 0.659673 0.115956 2.93845e-05 6.89297e-06 1.97367e-05
0.2445 0.660889 0.116513 2.93249e-05 6.89452e-06 1.96875e-05
0.2455 0.662099 0.117071 2.92655e-05 6.89606e-06 1.96385e-05
0.2465 0.663304 0.117629 2.92063e-05 6.89759e-06 1.95897e-05
0.2475 0.664504 0.118188 2.91473e-05 6.89912e-06 1.95411e-05
0.2485 0.665698 0.118748 2.90886e-05 6.90064e-06 1.94927e-05
0.2495 0.666887 0.119309 2.90302e-05 6.90215e-06 1.94444e-05
0.2505 0.668071 0.11987 2.89719e-05 6.90366e-06 1.93964e-05
0.2515 0.66925 0.120433 2.89139e-05 6.90516e-06 1.93486e-05
0.2525 0.670423 0.120996 2.88562e-05 6.90666e-06 1.93009e-05
0.2535 0.671591 0.12156 2.87986e-05 6.90815e-06 1.92535e-05
0.2545 0.672754 0.122124 2.87413e-05 6.90963e-06 1.92062e-05
0.2555 0.673912 0.12269 2.86842e-05 6.91111e-06 1.91592e-05
0.2565 0.675064 0.123256 2.86274e-05 6.91258e-06 1.91123e-05
0.2575 0.676212 0.123823 2.85707e-05 6.91405e-06 1.90656e-05
0.2585 0.677355 0.124391 2.85143e-05 6.91551e-06 1.9019e-05
0.2595 0.678492 0.12496 2.84581e-05 6.91697e-06 1.89727e-05
0.2605 0.679625 0.125529 2.84022e-05 6.91842e-06 1.89266e-05
0.2615 0.680753 0.126099 2.83464e-05 6.91986e-06 1.88806e-05
0.2625 0.681876 0.12667 2.82909e-05 6.9213e-06 1.88348e-05
0.2635 0.682994 0.127242 2.82356e-05 6.92273e-06 1.87892e-05
0.2645 0.684107 0.127815 2.81805e-05 6.92416e-06 1.87437e-05
0.2655 0.685216 0.128388 2.81256e-05 6.92558e-06 1.86985e-05
0.2665 0.686319 0.128962 2.80709e-05 6.927e-06 1.86534e-05
0.2675 0.687418 0.129537 2.80165e-05 6.92841e-06 1.86085e-05
0.2685 0.688513 0.130113 2.79622e-05 6.92981e-06 1.85638e-05
0.2695 0.689602 0.13069 2.79082e-05 6.93121e-06 1.85192e-05
0.2705 0.690687 0.131268 2.78544e-05 6.93261e-06 1.84748e-05
0.2715 0.691768 0.131846 2.78008e-05 6.93399e-06 1.84306e-05
0.2725 0.692843 0.132425 2.77474e-05 6.93538e-06 1.83866e-05
0.2735 0.693915 0.133005 2.76942e-05 6.93676e-06 1.83427e-05
0.2745 0.694981 0.133586 2.76411e-05 6.93813e-06 1.8299e-05
0.2755 0.696043 0.134167 2.75883e-05 6.9395e-06 1.82554e-05
0.2765 0.697101 0.13475 2.75357e-05 6.94086e-06 1.82121e-05
0.2775 0.698154 0.135333 2.74833e-05 6.94222e-06 1.81688e-05
0.2785 0.699203 0.135917 2.74311e-05 6.94357e-06 1.81258e-05
0.2795 0.700248 0.136502 2.73791e-05 6.94492e-06 1.80829e-05
0.2805 0.701288 0.137088 2.73273e-05 6.94626e-06 1.80402e-05
0.2815 0.702324 0.137674 2.72757e-05 6.94759e-06 1.79976e-05
0.2825 0.703355 0.138262 2.72243e-05 6.94893e-06 1.79552e-05
0.2835 0.704382 0.13885 2.71731e-05 6.95025e-06 1.7913e-05
0.2845 0.705405 0.139439 2.71221e-05 6.95157e-06 1.78709e-05
0.2855 0.706424 0.140029 2.70712e-05 6.95289e-06 1.7829e-05
0.2865 0.707439 0.140619 2.70206e-05 6.9542e-06 1.77872e-05
0.2875 0.708449 0.141211 2.69701e-05 6.95551e-06 1.77456e-05
0.2885 0.709455 0.141803 2.69198e-05 6.95681e-06 1.77041e-05
0.2895 0.710458 0.142397 2.68698e-05 6.95811e-06 1.76628e-05
0.2905 0.711456 0.142991 2.68199e-05 6.9594e-06 1.76217e-05
0.2915 0.71245 0.143586 2.67702e-05 6.96069e-06 1.75807e-05
0.2925 0.71344 0.144182 2.67206e-05 6.96197e-06 1.75399e-05
0.2935 0.714425 0.144778 2.66713e-05 6.96325e-06 1.74992e-05
0.2945 0.715407 0.145376 2.66221e-05 6.96452e-06 1.74586e-05
0.2955 0.716385 0.145974 2.65731e-05 6.96579e-06 1.74182e-05
0.2965 0.717359 0.146574 2.65243e-05 6.96706e-06 1.7378e-05
0.2975 0.718329 0.147174 2.64757e-05 6.96832e-06 1.73379e-05
0.2985 0.719296 0.147775 2.64273e-05 6.96957e-06 1.72979e-05
0.2995 0.720258 0.148377 2.6379e-05 6.97082e-06 1.72581e-05
0.3005 0.721216 0.148979 2.63309e-05 6.97207e-06 1.72185e-05
0.3015 0.722171 0.149583 2.6283e-05 6.97331e-06 1.71789e-05
0.3025 0.723122 0.150187 2.62352e-05 6.97454e-06 1.71396e-05
0.3035 0.724069 0.150793 2.61877e-05 6.97578e-06 1.71003e-05
0.3045 0.725012 0.151399 2.61403e-05 6.977e-06 1.70612e-05
0.3055 0.725952 0.152006 2.6093e-05 6.97823e-06 1.70223e-05
0.3065 0.726887 0.152614 2.6046e-05 6.97945e-06 1.69835e-05
0.3075 0.72782 0.153223 2.59991e-05 6.98066e-06 1.69448e-05
0.3085 0.728748 0.153833 2.59524e-05 6.98187e-06 1.69063e-05
0.3095 0.729673 0.154443 2.59058e-05 6.98308e-06 1.68679e-05
0.3105 0.730594 0.155055 2.58594e-05 6.98428e-06 1.68297e-05
0.3115 0.731512 0.155667 2.58132e-05 6.98548e-06 1.67915e-05
0.3125 0.732426 0.15628 2.57672e-05 6.98667e-06 1.67536e-05
0.3135 0.733336 0.156895 2.57213e-05 6.98786e-06 1.67157e-05
0.3145 0.734243 0.15751 2.56755e-05 6.98904e-06 1.6678e-05
0.3155 0.735146 0.158126 2.563e-05 6.99022e-06 1.66404e-05
0.3165 0.736046 0.158743 2.55846e-05 6.9914e-06 1.6603e-05
0.3175 0.736942 0.15936 2.55393e-05 6.99257e-06 1.65657e-05
0.3185 0.737835 0.159979 2.54943e-05 6.99374e-06 1.65285e-05
0.3195 0.738725 0.160599 2.54493e-05 6.9949e-06 1.64915e-05
0.3205 0.739611 0.161219 2.54046e-05 6.99606e-06 1.64545e-05
0.3215 0.740493 0.16184 2.536e-05 6.99722e-06 1.64178e-05
0.3225 0.741373 0.162463 2.53155e-05 6.99837e-06 1.63811e-05
0.3235 0.742248 0.163086 2.52712e-05 6.99951e-06 1.63446e-05
0.3245 0.743121 0.16371 2.52271e-05 7.00066e-06 1.63082e-05
0.3255 0.74399 0.164335 2.51831e-05 7.0018e-06 1.62719e-05
0.3265 0.744856 0.164961 2.51392e-05 7.00293e-06 1.62357e-05
0.3275 0.745719 0.165588 2.50956e-05 7.00406e-06 1.61997e-05
0.3285 0.746578 0.166216 2.5052e-05 7.00519e-06 1.61638e-05
0.3295 0.747434 0.166845 2.50086e-05 7.00631e-06 1.6128e-05
0.3305 0.748287 0.167474 2.49654e-05 7.00743e-06 1.60924e-05
0.3315 0.749137 0.168105 2.49223e-05 7.00855e-06 1.60569e-05
0.3325 0.749983 0.168736 2.48794e-05 7.00966e-06 1.60215e-05
0.3335 0.750826 0.169369 2.48366e-05 7.01077e-06 1.59862e-05
0.3345 0.751666 0.170002 2.4794e-05 7.01187e-06 1.5951e-05
0.3355 0.752503 0.170636 2.47515e-05 7.01298e-06 1.5916e-05
0.3365 0.753337 0.171272 2.47091e-05 7.01407e-06 1.58811e-05
0.3375 0.754168 0.171908 2.46669e-05 7.01517e-06 1.58462e-05
0.3385 0.754996 0.172545 2.46249e-05 7.01625e-06 1.58116e-05
0.3395 0.75582 0.173183 2.4583e-05 7.01734e-06 1.5777e-05
0.3405 0.756642 0.173822 2.45412e-05 7.01842e-06 1.57426e-05
0.3415 0.75746 0.174462 2.44996e-05 7.0195e-06 1.57082e-05
0.3425 0.758275 0.175103 2.44581e-05 7.02058e-06 1.5674e-05
0.3435 0.759088 0.175745 2.44167e-05 7.02165e-06 1.56399e-05
0.3445 0.759897 0.176388 2.43755e-05 7.02271e-06 1.56059e-05
0.3455 0.760704 0.177032 2.43344e-05 7.02378e-06 1.55721e-05
0.3465 0.761507 0.177676 2.42935e-05 7.02484e-06 1.55383e-05
0.3475 0.762308 0.178322 2.42527e-05 7.02589e-06 1.55047e-05
0.3485 0.763106 0.178969 2.42121e-05 7.02695e-06 1.54711e-05
0.3495 0.7639 0.179616 2.41715e-05 7.028e-06 1.54377e-05
0.3505 0.764692 0.180265 2.41311e-05 7.02904e-06 1.54044e-05
0.3515 0.765481 0.180915 2.40909e-05 7.03009e-06 1.53712e-05
0.3525 0.766267 0.181565 2.40508e-05 7.03113e-06 1.53381e-05
0.3535 0.767051 0.182217 2.40108e-05 7.03216e-06 1.53051e-05
0.3545 0.767831 0.182869 2.39709e-05 7.03319e-06 1.52723e-05
0.3555 0.768609 0.183523 2.39312e-05 7.03422e-06 1.52395e-05
0.3565 0.769384 0.184177 2.38916e-05 7.03525e-06 1.52069e-05
0.3575 0.770156 0.184833 2.38522e-05 7.03627e-06 1.51743e-05
0.3585 0.770925 0.185489 2.38128e-05 7.03729e-06 1.51419e-05
0.3595 0.771691 0.186147 2.37736e-05 7.0383e-06 1.51096e-05
0.3605 0.772455 0.186805 2.37346e-05 7.03932e-06 1.50774e-05
0.3615 0.773216 0.187464 2.36956e-05 7.04032e-06 1.50452e-05
0.3625 0.773975 0.188125 2.36568e-05 7.04133e-06 1.50132e-05
0.3635 0.77473 0.188786 2.36181e-05 7.04233e-06 1.49813e-05
0.3645 0.775483 0.189449 2.35796e-05 7.04333e-06 1.49495e-05
0.3655 0.776233 0.190112 2.35411e-05 7.04433e-06 1.49178e-05
0.3665 0.776981 0.190777 2.35028e-05 7.04532e-06 1.48862e-05
0.3675 0.777726 0.191442 2.34646e-05 7.04631e-06 1.48548e-05
0.3685 0.778469 0.192108 2.34266e-05 7.04729e-06 1.48234e-05
0.3695 0.779208 0.192776 2.33886e-05 7.04828e-06 1.47921e-05
0.3705 0.779945 0.193444 2.33508e-05 7.04925e-06 1.47609e-05
0.3715 0.78068 0.194114 2.33131e-05 7.05023e-06 1.47298e-05
0.3725 0.781412 0.194784 2.32756e-05 7.0512e-06 1.46988e-05
0.3735 0.782142 0.195456 2.32381e-05 7.05217e-06 1.46679e-05
0.3745 0.782869 0.196128 2.32008e-05 7.05314e-06 1.46372e-05
0.3755 0.783593 0.196802 2.31636e-05 7.0541e-06 1.46065e-05
0.3765 0.784315 0.197477 2.31265e-05 7.05507e-06 1.45759e-05
0.3775 0.785034 0.198152 2.30895e-05 7.05602e-06 1.45454e-05
0.3785 0.785751 0.198829 2.30527e-05 7.05698e-06 1.4515e-05
0.3795 0.786465 0.199506 2.30159e-05 7.05793e-06 1.44847e-05
0.3805 0.787177 0.200185 2.29793e-05 7.05888e-06 1.44545e-05
0.3815 0.787887 0.200865 2.29428e-05 7.05982e-06 1.44244e-05
0.3825 0.788594 0.201546 2.29064e-05 7.06077e-06 1.43944e-05
0.3835 0.789299 0.202228 2.28701e-05 7.06171e-06 1.43645e-05
0.3845 0.790001 0.202911 2.2834e-05 7.06264e-06 1.43347e-05
0.3855 0.790701 0.203594 2.27979e-05 7.06358e-06 1.43049e-05
0.3865 0.791398 0.204279 2.2762e-05 7.06451e-06 1.42753e-05
0.3875 0.792093 0.204966 2.27262e-05 7.06543e-06 1.42458e-05
0.3885 0.792786 0.205653 2.26905e-05 7.06636e-06 1.42163e-05
0.3895 0.793476 0.206341 2.26549e-05 7.06728e-06 1.4187e-05
0.3905 0.794164 0.20703 2.26194e-05 7.0682e-06 1.41577e-05
0.3915 0.79485 0.20772 2.2584e-05 7.06912e-06 1.41285e-05
0.3925 0.795533 0.208412 2.25488e-05 7.07003e-06 1.40995e-05
0.3935 0.796214 0.209104 2.25136e-05 7.07094e-06 1.40705e-05
0.3945 0.796893 0.209798 2.24786e-05 7.07185e-06 1.40416e-05
0.3955 0.797569 0.210492 2.24436e-05 7.07275e-06 1.40128e-05
0.3965 0.798243 0.211188 2.24088e-05 7.07365e-06 1.39841e-05
0.3975 0.798915 0.211885 2.23741e-05 7.07455e-06 1.39554e-05
0.3985 0.799585 0.212582 2.23395e-05 7.07545e-06 1.39269e-05
0.3995 0.800252 0.213281 2.2305e-05 7.07634e-06 1.38984e-05
0.4005 0.800918 0.213981 2.22706e-05 7.07723e-06 1.38701e-05
0.4015 0.801581 0.214682 2.22363e-05 7.07812e-06 1.38418e-05
0.4025 0.802241 0.215384 2.22021e-05 7.07901e-06 1.38136e-05
0.4035 0.8029 0.216088 2.2168e-05 7.07989e-06 1.37855e-05
0.4045 0.803556 0.216792 2.21341e-05 7.08077e-06 1.37575e-05
0.4055 0.804211 0.217497 2.21002e-05 7.08165e-06 1.37296e-05
0.4065 0.804863 0.218204 2.20664e-05 7.08252e-06 1.37017e-05
0.4075 0.805513 0.218912 2.20328e-05 7.08339e-06 1.36739e-05
0.4085 0.80616 0.21962 2.19992e-05 7.08426e-06 1.36463e-05
0.4095 0.806806 0.22033 2.19658e-05 7.08513e-06 1.36187e-05
0.4105 0.80745 0.221041 2.19324e-05 7.08599e-06 1.35912e-05
0.4115 0.808091 0.221753 2.18991e-05 7.08686e-06 1.35637e-05
0.4125 0.80873 0.222466 2.1866e-05 7.08771e-06 1.35364e-05
0.4135 0.809368 0.223181 2.18329e-05 7.08857e-06 1.35091e-05
0.4145 0.810003 0.223896 2.18e-05 7.08942e-06 1.3482e-05
0.4155 0.810636 0.224613 2.17671e-05 7.09028e-06 1.34549e-05
0.4165 0.811267 0.22533 2.17344e-05 7.09112e-06 1.34279e-05
0.4175 0.811896 0.226049 2.17017e-05 7.09197e-06 1.34009e-05
0.4185 0.812523 0.226769 2.16691e-05 7.09281e-06 1.33741e-05
0.4195 0.813148 0.22749 2.16367e-05 7.09365e-06 1.33473e-05
0.4205 0.813771 0.228213 2.16043e-05 7.09449e-06 1.33206e-05
0.4215 0.814392 0.228936 2.1572e-05 7.09533e-06 1.3294e-05
0.4225 0.815011 0.22966 2.15399e-05 7.09616e-06 1.32675e-05
0.4235 0.815627 0.230386 2.15078e-05 7.09699e-06 1.3241e-05
0.4245 0.816242 0.231113 2.14758e-05 7.09782e-06 1.32146e-05
0.4255 0.816855 0.231841 2.14439e-05 7.09865e-06 1.31883e-05
0.4265 0.817466 0.23257 2.14121e-05 7.09947e-06 1.31621e-05
0.4275 0.818075 0.2333 2.13804e-05 7.10029e-06 1.3136e-05
0.4285 0.818683 0.234032 2.13488e-05 7.10111e-06 1.31099e-05
0.4295 0.819288 0.234764 2.13173e-05 7.10193e-06 1.30839e-05
0.4305 0.819891 0.235498 2.12859e-05 7.10274e-06 1.3058e-05
0.4315 0.820492 0.236233 2.12546e-05 7.10355e-06 1.30322e-05
0.4325 0.821092 0.236969 2.12233e-05 7.10436e-06 1.30064e-05
0.4335 0.821689 0.237706 2.11922e-05 7.10517e-06 1.29808e-05
0.4345 0.822285 0.238445 2.11611e-05 7.10597e-06 1.29551e-05
0.4355 0.822879 0.239184 2.11302e-05 7.10677e-06 1.29296e-05
0.4365 0.823471 0.239925 2.10993e-05 7.10757e-06 1.29042e-05
0.4375 0.824061 0.240667 2.10685e-05 7.10837e-06 1.28788e-05
0.4385 0.824649 0.24141 2.10378e-05 7.10916e-06 1.28535e-05
0.4395 0.825236 0.242155 2.10072e-05 7.10996e-06 1.28282e-05
0.4405 0.82582 0.2429 2.09767e-05 7.11075e-06 1.28031e-05
0.4415 0.826403 0.243647 2.09463e-05 7.11154e-06 1.2778e-05
0.4425 0.826984 0.244395 2.0916e-05 7.11232e-06 1.2753e-05
0.4435 0.827563 0.245144 2.08857e-05 7.1131e-06 1.2728e-05
0.4445 0.82814 0.245895 2.08556e-05 7.11389e-06 1.27031e-05
0.4455 0.828716 0.246646 2.08255e-05 7.11466e-06 1.26783e-05
0.4465 0.829289 0.247399 2.07955e-05 7.11544e-06 1.26536e-05
0.4475 0.829861 0.248153 2.07656e-05 7.11622e-06 1.2629e-05
0.4485 0.830431 0.248908 2.07358e-05 7.11699e-06 1.26044e-05
0.4495 0.831 0.249665 2.07061e-05 7.11776e-06 1.25799e-05
0.4505 0.831567 0.250422 2.06764e-05 7.11853e-06 1.25554e-05
0.4515 0.832131 0.251181 2.06469e-05 7.11929e-06 1.2531e-05
0.4525 0.832695 0.251941 2.06174e-05 7.12006e-06 1.25067e-05
0.4535 0.833256 0.252703 2.0588e-05 7.12082e-06 1.24825e-05
0.4545 0.833816 0.253465 2.05587e-05 7.12158e-06 1.24583e-05
0.4555 0.834374 0.254229 2.05295e-05 7.12233e-06 1.24342e-05
0.4565 0.83493 0.254994 2.05003e-05 7.12309e-06 1.24102e-05
0.4575 0.835485 0.25576 2.04713e-05 7.12384e-06 1.23862e-05
0.4585 0.836038 0.256528 2.04423e-05 7.12459e-06 1.23623e-05
0.4595 0.836589 0.257297 2.04134e-05 7.12534e-06 1.23385e-05
0.4605 0.837139 0.258067 2.03846e-05 7.12608e-06 1.23147e-05
0.4615 0.837687 0.258838 2.03559e-05 7.12683e-06 1.22911e-05
0.4625 0.838233 0.259611 2.03272e-05 7.12757e-06 1.22674e-05
0.4635 0.838778 0.260385 2.02986e-05 7.12831e-06 1.22439e-05
0.4645 0.839321 0.26116 2.02701e-05 7.12905e-06 1.22204e-05
0.4655 0.839862 0.261936 2.02417e-05 7.12979e-06 1.21969e-05
0.4665 0.840402 0.262714 2.02134e-05 7.13052e-06 1.21736e-05
0.4675 0.84094 0.263493 2.01852e-05 7.13125e-06 1.21503e-05
0.4685 0.841476 0.264273 2.0157e-05 7.13198e-06 1.21271e-05
0.4695 0.842011 0.265054 2.01289e-05 7.13271e-06 1.21039e-05
0.4705 0.842545 0.265837 2.01009e-05 7.13343e-06 1.20808e-05
0.4715 0.843076 0.266621 2.00729e-05 7.13416e-06 1.20577e-05
0.4725 0.843606 0.267406 2.00451e-05 7.13488e-06 1.20348e-05
0.4735 0.844135 0.268193 2.00173e-05 7.1356e-06 1.20119e-05
0.4745 0.844662 0.268981 1.99896e-05 7.13632e-06 1.1989e-05
0.4755 0.845187 0.26977 1.9962e-05 7.13703e-06 1.19662e-05
0.4765 0.845711 0.270561 1.99344e-05 7.13775e-06 1.19435e-05
0.4775 0.846234 0.271352 1.99069e-05 7.13846e-06 1.19208e-05
0.4785 0.846754 0.272146 1.98795e-05 7.13917e-06 1.18982e-05
0.4795 0.847274 0.27294 1.98522e-05 7.13987e-06 1.18757e-05
0.4805 0.847791 0.273736 1.98249e-05 7.14058e-06 1.18532e-05
0.4815 0.848307 0.274533 1.97978e-05 7.14128e-06 1.18308e-05
0.4825 0.848822 0.275331 1.97707e-05 7.14199e-06 1.18085e-05
0.4835 0.849335 0.276131 1.97436e-05 7.14269e-06 1.17862e-05
0.4845 0.849847 0.276932 1.97167e-05 7.14338e-06 1.1764e-05
0.4855 0.850357 0.277735 1.96898e-05 7.14408e-06 1.17418e-05
0.4865 0.850866 0.278538 1.9663e-05 7.14478e-06 1.17197e-05
0.4875 0.851373 0.279343 1.96363e-05 7.14547e-06 1.16976e-05
0.4885 0.851879 0.28015 1.96096e-05 7.14616e-06 1.16757e-05
0.4895 0.852383 0.280958 1.9583e-05 7.14685e-06 1.16537e-05
0.4905 0.852886 0.281767 1.95565e-05 7.14753e-06 1.16319e-05
0.4915 0.853387 0.282577 1.95301e-05 7.14822e-06 1.161e-05
0.4925 0.853887 0.283389 1.95037e-05 7.1489e-06 1.15883e-05
0.4935 0.854385 0.284202 1.94774e-05 7.14958e-06 1.15666e-05
0.4945 0.854883 0.285017 1.94511e-05 7.15026e-06 1.1545e-05
0.4955 0.855378 0.285833 1.9425e-05 7.15094e-06 1.15234e-05
0.4965 0.855872 0.28665 1.93989e-05 7.15162e-06 1.15019e-05
0.4975 0.856365 0.287469 1.93729e-05 7.15229e-06 1.14804e-05
0.4985 0.856856 0.288289 1.93469e-05 7.15296e-06 1.1459e-05
0.4995 0.857346 0.28911 1.9321e-05 7.15363e-06 1.14377e-05
0.5005 0.857835 0.289933 1.92952e-05 7.1543e-06 1.14164e-05
0.5015 0.858322 0.290757 1.92695e-05 7.15497e-06 1.13952e-05
0.5025 0.858808 0.291583 1.92438e-05 7.15563e-06 1.1374e-05
0.5035 0.859292 0.292409 1.92182e-05 7.1563e-06 1.13529e-05
0.5045 0.859775 0.293238 1.91927e-05 7.15696e-06 1.13318e-05
0.5055 0.860257 0.294068 1.91672e-05 7.15762e-06 1.13108e-05
0.5065 0.860737 0.294899 1.91418e-05 7.15828e-06 1.12899e-05
0.5075 0.861216 0.295731 1.91164e-05 7.15893e-06 1.1269e-05
0.5085 0.861693 0.296565 1.90912e-05 7.15959e-06 1.12481e-05
0.5095 0.862169 0.297401 1.9066e-05 7.16024e-06 1.12273e-05
0.5105 0.862644 0.298238 1.90408e-05 7.16089e-06 1.12066e-05
0.5115 0.863118 0.299076 1.90158e-05 7.16154e-06 1.11859e-05
0.5125 0.86359 0.299916 1.89908e-05 7.16219e-06 1.11653e-05
0.5135 0.864061 0.300757 1.89658e-05 7.16283e-06 1.11447e-05
0.5145 0.86453 0.301599 1.89409e-05 7.16348e-06 1.11242e-05
0.5155 0.864998 0.302443 1.89161e-05 7.16412e-06 1.11038e-05
0.5165 0.865465 0.303289 1.88914e-05 7.16476e-06 1.10834e-05
0.5175 0.865931 0.304135 1.88667e-05 7.1654e-06 1.1063e-05
0.5185 0.866395 0.304984 1.88421e-05 7.16604e-06 1.10427e-05
0.5195 0.866858 0.305833 1.88176e-05 7.16667e-06 1.10225e-05
0.5205 0.86732 0.306685 1.87931e-05 7.16731e-06 1.10023e-05
0.5215 0.86778 0.307537 1.87686e-05 7.16794e-06 1.09821e-05
0.5225 0.86824 0.308392 1.87443e-05 7.16857e-06 1.09621e-05
0.5235 0.868697 0.309247 1.872e-05 7.1692e-06 1.0942e-05
0.5245 0.869154 0.310104 1.86958e-05 7.16983e-06 1.0922e-05
0.5255 0.869609 0.310963 1.86716e-05 7.17045e-06 1.09021e-05
0.5265 0.870064 0.311823 1.86475e-05 7.17108e-06 1.08822e-05
0.5275 0.870516 0.312684 1.86234e-05 7.1717e-06 1.08624e-05
0.5285 0.870968 0.313547 1.85994e-05 7.17232e-06 1.08426e-05
0.5295 0.871418 0.314412 1.85755e-05 7.17294e-06 1.08229e-05
0.5305 0.871868 0.315278 1.85517e-05 7.17356e-06 1.08032e-05
0.5315 0.872315 0.316145 1.85279e-05 7.17418e-06 1.07836e-05
0.5325 0.872762 0.317014 1.85041e-05 7.17479e-06 1.0764e-05
0.5335 0.873208 0.317885 1.84804e-05 7.1754e-06 1.07445e-05
0.5345 0.873652 0.318757 1.84568e-05 7.17602e-06 1.0725e-05
0.5355 0.874095 0.31963 1.84333e-05 7.17663e-06 1.07056e-05
0.5365 0.874537 0.320505 1.84098e-05 7.17724e-06 1.06862e-05
0.5375 0.874977 0.321382 1.83863e-05 7.17784e-06 1.06669e-05
0.5385 0.875417 0.32226 1.8363e-05 7.17845e-06 1.06476e-05
0.5395 0.875855 0.32314 1.83396e-05 7.17905e-06 1.06284e-05
0.5405 0.876292 0.324021 1.83164e-05 7.17965e-06 1.06092e-05
0.5415 0.876728 0.324903 1.82932e-05 7.18026e-06 1.059e-05
0.5425 0.877163 0.325788 1.827e-05 7.18085e-06 1.0571e-05
0.5435 0.877596 0.326673 1.8247e-05 7.18145e-06 1.05519e-05
0.5445 0.878029 0.327561 1.82239e-05 7.18205e-06 1.05329e-05
0.5455 0.87846 0.32845 1.8201e-05 7.18264e-06 1.0514e-05
0.5465 0.87889 0.32934 1.81781e-05 7.18324e-06 1.04951e-05
0.5475 0.879319 0.330232 1.81552e-05 7.18383e-06 1.04763e-05
0.5485 0.879747 0.331126 1.81324e-05 7.18442e-06 1.04575e-05
0.5495 0.880173 0.332021 1.81097e-05 7.18501e-06 1.04387e-05
0.5505 0.880599 0.332917 1.8087e-05 7.1856e-06 1.042e-05
0.5515 0.881023 0.333816 1.80644e-05 7.18618e-06 1.04014e-05
0.5525 0.881446 0.334716 1.80418e-05 7.18677e-06 1.03827e-05
0.5535 0.881868 0.335617 1.80193e-05 7.18735e-06 1.03642e-05
0.5545 0.882289 0.33652 1.79968e-05 7.18793e-06 1.03457e-05
0.5555 0.882709 0.337425 1.79744e-05 7.18851e-06 1.03272e-05
0.5565 0.883128 0.338331 1.79521e-05 7.18909e-06 1.03088e-05
0.5575 0.883546 0.339239 1.79298e-05 7.18967e-06 1.02904e-05
0.5585 0.883962 0.340148 1.79076e-05 7.19024e-06 1.02721e-05
0.5595 0.884378 0.341059 1.78854e-05 7.19082e-06 1.02538e-05
0.5605 0.884792 0.341972 1.78633e-05 7.19139e-06 1.02355e-05
0.5615 0.885205 0.342886 1.78412e-05 7.19196e-06 1.02173e-05
0.5625 0.885617 0.343802 1.78192e-05 7.19253e-06 1.01992e-05
0.5635 0.886028 0.34472 1.77973e-05 7.1931e-06 1.01811e-05
0.5645 0.886438 0.345639 1.77753e-05 7.19367e-06 1.0163e-05
0.5655 0.886847 0.34656 1.77535e-05 7.19423e-06 1.0145e-05
0.5665 0.887255 0.347482 1.77317e-05 7.1948e-06 1.0127e-05
0.5675 0.887662 0.348406 1.771e-05 7.19536e-06 1.01091e-05
0.5685 0.888068 0.349332 1.76883e-05 7.19592e-06 1.00912e-05
0.5695 0.888473 0.350259 1.76666e-05 7.19648e-06 1.00733e-05
0.5705 0.888876 0.351188 1.7645e-05 7.19704e-06 1.00555e-05
0.5715 0.889279 0.352119 1.76235e-05 7.1976e-06 1.00378e-05
0.5725 0.88968 0.353052 1.7602e-05 7.19816e-06 1.00201e-05
0.5735 0.890081 0.353986 1.75806e-05 7.19871e-06 1.00024e-05
0.5745 0.89048 0.354921 1.75592e-05 7.19927e-06 9.98478e-06
0.5755 0.890879 0.355859 1.75379e-05 7.19982e-06 9.9672e-06
0.5765 0.891276 0.356798 1.75166e-05 7.20037e-06 9.94966e-06
0.5775 0.891673 0.357739 1.74954e-05 7.20092e-06 9.93216e-06
0.5785 0.892068 0.358681 1.74743e-05 7.20147e-06 9.9147e-06
0.5795 0.892462 0.359626 1.74531e-05 7.20201e-06 9.89729e-06
0.5805 0.892856 0.360572 1.74321e-05 7.20256e-06 9.87992e-06
0.5815 0.893248 0.361519 1.74111e-05 7.2031e-06 9.86258e-06
0.5825 0.893639 0.362469 1.73901e-05 7.20365e-06 9.8453e-06
0.5835 0.89403 0.36342 1.73692e-05 7.20419e-06 9.82805e-06
0.5845 0.894419 0.364372 1.73483e-05 7.20473e-06 9.81084e-06
0.5855 0.894807 0.365327 1.73275e-05 7.20527e-06 9.79368e-06
0.5865 0.895195 0.366283 1.73067e-05 7.20581e-06 9.77656e-06
0.5875 0.895581 0.367241 1.7286e-05 7.20634e-06 9.75947e-06
0.5885 0.895966 0.368201 1.72654e-05 7.20688e-06 9.74243e-06
0.5895 0.896351 0.369162 1.72447e-05 7.20741e-06 9.72543e-06
0.5905 0.896734 0.370126 1.72242e-05 7.20794e-06 9.70847e-06
0.5915 0.897117 0.371091 1.72037e-05 7.20848e-06 9.69155e-06
0.5925 0.897498 0.372057 1.71832e-05 7.20901e-06 9.67467e-06
0.5935 0.897879 0.373026 1.71628e-05 7.20954e-06 9.65783e-06
0.5945 0.898258 0.373996 1.71424e-05 7.21006e-06 9.64103e-06
0.5955 0.898637 0.374968 1.71221e-05 7.21059e-06 9.62427e-06
0.5965 0.899015 0.375942 1.71018e-05 7.21111e-06 9.60755e-06
0.5975 0.899391 0.376918 1.70816e-05 7.21164e-06 9.59087e-06
0.5985 0.899767 0.377895 1.70614e-05 7.21216e-06 9.57423e-06
0.5995 0.900142 0.378874 1.70413e-05 7.21268e-06 9.55763e-06
0.6005 0.900516 0.379855 1.70212e-05 7.2132e-06 9.54107e-06
0.6015 0.900889 0.380838 1.70011e-05 7.21372e-06 9.52454e-06
0.6025 0.901261 0.381823 1.69811e-05 7.21424e-06 9.50806e-06
0.6035 0.901632 0.382809 1.69612e-05 7.21476e-06 9.49161e-06
0.6045 0.902002 0.383798 1.69413e-05 7.21527e-06 9.47521e-06
0.6055 0.902371 0.384788 1.69215e-05 7.21579e-06 9.45884e-06
0.6065 0.90274 0.38578 1.69017e-05 7.2163e-06 9.44251e-06
0.6075 0.903107 0.386774 1.68819e-05 7.21681e-06 9.42621e-06
0.6085 0.903474 0.387769 1.68622e-05 7.21732e-06 9.40996e-06
0.6095 0.903839 0.388767 1.68425e-05 7.21783e-06 9.39374e-06
0.6105 0.904204 0.389766 1.68229e-05 7.21834e-06 9.37756e-06
0.6115 0.904568 0.390767 1.68033e-05 7.21884e-06 9.36142e-06
0.6125 0.904931 0.39177 1.67838e-05 7.21935e-06 9.34532e-06
0.6135 0.905293 0.392775 1.67643e-05 7.21986e-06 9.32925e-06
0.6145 0.905654 0.393782 1.67449e-05 7.22036e-06 9.31322e-06
0.6155 0.906014 0.39479 1.67255e-05 7.22086e-06 9.29723e-06
0.6165 0.906374 0.395801 1.67061e-05 7.22136e-06 9.28128e-06
0.6175 0.906732 0.396813 1.66868e-05 7.22186e-06 9.26536e-06
0.6185 0.90709 0.397828 1.66676e-05 7.22236e-06 9.24948e-06
0.6195 0.907446 0.398844 1.66484e-05 7.22286e-06 9.23363e-06
0.6205 0.907802 0.399862 1.66292e-05 7.22336e-06 9.21782e-06
0.6215 0.908157 0.400882 1.66101e-05 7.22385e-06 9.20205e-06
0.6225 0.908511 0.401904 1.6591e-05 7.22434e-06 9.18632e-06
0.6235 0.908865 0.402928 1.6572e-05 7.22484e-06 9.17062e-06
0.6245 0.909217 0.403954 1.6553e-05 7.22533e-06 9.15495e-06
0.6255 0.909569 0.404982 1.6534e-05 7.22582e-06 9.13933e-06
0.6265 0.909919 0.406011 1.65151e-05 7.22631e-06 9.12374e-06
0.6275 0.910269 0.407043 1.64962e-05 7.2268e-06 9.10818e-06
0.6285 0.910618 0.408076 1.64774e-05 7.22729e-06 9.09266e-06
0.6295 0.910967 0.409112 1.64586e-05 7.22777e-06 9.07717e-06
0.6305 0.911314 0.410149 1.64399e-05 7.22826e-06 9.06172e-06
0.6315 0.91166 0.411189 1.64212e-05 7.22874e-06 9.04631e-06
0.6325 0.912006 0.41223 1.64026e-05 7.22923e-06 9.03093e-06
0.6335 0.912351 0.413274 1.6384e-05 7.22971e-06 9.01558e-06
0.6345 0.912695 0.414319 1.63654e-05 7.23019e-06 9.00027e-06
0.6355 0.913038 0.415366 1.63469e-05 7.23067e-06 8.985e-06
0.6365 0.91338 0.416416 1.63284e-05 7.23115e-06 8.96976e-06
0.6375 0.913722 0.417467 1.631e-05 7.23162e-06 8.95455e-06
0.6385 0.914063 0.41852 1.62916e-05 7.2321e-06 8.93938e-06
0.6395 0.914403 0.419576 1.62732e-05 7.23258e-06 8.92424e-06
0.6405 0.914742 0.420633 1.62549e-05 7.23305e-06 8.90913e-06
0.6415 0.91508 0.421692 1.62366e-05 7.23352e-06 8.89406e-06
0.6425 0.915417 0.422754 1.62184e-05 7.234e-06 8.87903e-06
0.6435 0.915754 0.423817 1.62002e-05 7.23447e-06 8.86403e-06
0.6445 0.91609 0.424883 1.6182e-05 7.23494e-06 8.84906e-06
0.6455 0.916425 0.42595 1.61639e-05 7.23541e-06 8.83412e-06
0.6465 0.916759 0.42702 1.61459e-05 7.23587e-06 8.81922e-06
0.6475 0.917093 0.428091 1.61278e-05 7.23634e-06 8.80435e-06
0.6485 0.917426 0.429165 1.61098e-05 7.23681e-06 8.78952e-06
0.6495 0.917758 0.430241 1.60919e-05 7.23727e-06 8.77471e-06
0.6505 0.918089 0.431319 1.6074e-05 7.23774e-06 8.75994e-06
0.6515 0.918419 0.432399 1.60561e-05 7.2382e-06 8.74521e-06
0.6525 0.918749 0.433481 1.60383e-05 7.23866e-06 8.7305e-06
0.6535 0.919078 0.434565 1.60205e-05 7.23912e-06 8.71583e-06
0.6545 0.919406 0.435651 1.60027e-05 7.23958e-06 8.70119e-06
0.6555 0.919733 0.436739 1.5985e-05 7.24004e-06 8.68659e-06
0.6565 0.92006 0.43783 1.59673e-05 7.2405e-06 8.67201e-06
0.6575 0.920385 0.438922 1.59497e-05 7.24095e-06 8.65747e-06
0.6585 0.92071 0.440017 1.59321e-05 7.24141e-06 8.64296e-06
0.6595 0.921035 0.441114 1.59146e-05 7.24187e-06 8.62848e-06
0.6605 0.921358 0.442213 1.5897e-05 7.24232e-06 8.61404e-06
0.6615 0.921681 0.443314 1.58796e-05 7.24277e-06 8.59962e-06
0.6625 0.922003 0.444417 1.58621e-05 7.24322e-06 8.58524e-06
0.6635 0.922324 0.445522 1.58447e-05 7.24367e-06 8.57089e-06
0.6645 0.922645 0.44663 1.58274e-05 7.24412e-06 8.55657e-06
0.6655 0.922964 0.447739 1.581e-05 7.24457e-06 8.54228e-06
0.6665 0.923283 0.448851 1.57927e-05 7.24502e-06 8.52802e-06
0.6675 0.923602 0.449965 1.57755e-05 7.24547e-06 8.5138e-06
0.6685 0.923919 0.451081 1.57583e-05 7.24591e-06 8.4996e-06
0.6695 0.924236 0.4522 1.57411e-05 7.24636e-06 8.48544e-06
0.6705 0.924552 0.453321 1.5724e-05 7.2468e-06 8.47131e-06
0.6715 0.924868 0.454443 1.57069e-05 7.24725e-06 8.4572e-06
0.6725 0.925182 0.455568 1.56898e-05 7.24769e-06 8.44313e-06
0.6735 0.925496 0.456696 1.56728e-05 7.24813e-06 8.42909e-06
0.6745 0.925809 0.457825 1.56558e-05 7.24857e-06 8.41508e-06
0.6755 0.926122 0.458957 1.56388e-05 7.24901e-06 8.4011e-06
0.6765 0.926434 0.460091 1.56219e-05 7.24945e-06 8.38715e-06
0.6775 0.926745 0.461227 1.5605e-05 7.24988e-06 8.37323e-06
0.6785 0.927055 0.462365 1.55882e-05 7.25032e-06 8.35934e-06
0.6795 0.927365 0.463506 1.55714e-05 7.25075e-06 8.34548e-06
0.6805 0.927674 0.464649 1.55546e-05 7.25119e-06 8.33165e-06
0.6815 0.927982 0.465794 1.55379e-05 7.25162e-06 8.31785e-06
0.6825 0.928289 0.466942 1.55212e-05 7.25205e-06 8.30408e-06
0.6835 0.928596 0.468092 1.55045e-05 7.25249e-06 8.29034e-06
0.6845 0.928902 0.469244 1.54879e-05 7.25292e-06 8.27663e-06
0.6855 0.929208 0.470398 1.54713e-05 7.25335e-06 8.26294e-06
0.6865 0.929513 0.471555 1.54547e-05 7.25378e-06 8.24929e-06
0.6875 0.929817 0.472714 1.54382e-05 7.2542e-06 8.23567e-06
0.6885 0.93012 0.473875 1.54217e-05 7.25463e-06 8.22207e-06
0.6895 0.930423 0.475039 1.54053e-05 7.25506e-06 8.20851e-06
0.6905 0.930725 0.476205 1.53889e-05 7.25548e-06 8.19497e-06
0.6915 0.931026 0.477373 1.53725e-05 7.25591e-06 8.18146e-06
0.6925 0.931327 0.478544 1.53562e-05 7.25633e-06 8.16798e-06
0.6935 0.931627 0.479717 1.53398e-05 7.25675e-06 8.15453e-06
0.6945 0.931926 0.480892 1.53236e-05 7.25717e-06 8.14111e-06
0.6955 0.932225 0.48207 1.53073e-05 7.25759e-06 8.12772e-06
0.6965 0.932523 0.48325 1.52911e-05 7.25801e-06 8.11435e-06
0.6975 0.93282 0.484433 1.52749e-05 7.25843e-06 8.10102e-06
0.6985 0.933117 0.485618 1.52588e-05 7.25885e-06 8.08771e-06
0.6995 0.933413 0.486805 1.52427e-05 7.25927e-06 8.07443e-06
0.7005 0.933708 0.487995 1.52266e-05 7.25968e-06 8.06117e-06
0.7015 0.934003 0.489187 1.52106e-05 7.2601e-06 8.04795e-06
0.7025 0.934297 0.490381 1.51946e-05 7.26051e-06 8.03475e-06
0.7035 0.934591 0.491578 1.51786e-05 7.26093e-06 8.02158e-06
0.7045 0.934883 0.492778 1.51627e-05 7.26134e-06 8.00844e-06
0.7055 0.935175 0.49398 1.51468e-05 7.26175e-06 7.99533e-06
0.7065 0.935467 0.495184 1.51309e-05 7.26216e-06 7.98224e-06
0.7075 0.935758 0.496391 1.51151e-05 7.26257e-06 7.96918e-06
0.7085 0.936048 0.4976 1.50993e-05 7.26298e-06 7.95615e-06
0.7095 0.936337 0.498812 1.50835e-05 7.26339e-06 7.94315e-06
0.7105 0.936626 0.500026 1.50678e-05 7.2638e-06 7.93017e-06
0.7115 0.936915 0.501242 1.50521e-05 7.26421e-06 7.91722e-06
0.7125 0.937202 0.502462 1.50364e-05 7.26461e-06 7.90429e-06
0.7135 0.937489 0.503683 1.50208e-05 7.26502e-06 7.8914e-06
0.7145 0.937776 0.504907 1.50052e-05 7.26542e-06 7.87853e-06
0.7155 0.938061 0.506134 1.49896e-05 7.26582e-06 7.86568e-06
0.7165 0.938346 0.507363 1.4974e-05 7.26623e-06 7.85287e-06
0.7175 0.938631 0.508595 1.49585e-05 7.26663e-06 7.84008e-06
0.7185 0.938915 0.509829 1.49431e-05 7.26703e-06 7.82731e-06
0.7195 0.939198 0.511066 1.49276e-05 7.26743e-06 7.81458e-06
0.7205 0.939481 0.512306 1.49122e-05 7.26783e-06 7.80187e-06
0.7215 0.939763 0.513548 1.48968e-05 7.26823e-06 7.78918e-06
0.7225 0.940044 0.514792 1.48815e-05 7.26862e-06 7.77652e-06
0.7235 0.940325 0.516039 1.48661e-05 7.26902e-06 7.76389e-06
0.7245 0.940605 0.517289 1.48509e-05 7.26942e-06 7.75129e-06
0.7255 0.940885 0.518541 1.48356e-05 7.26981e-06 7.73871e-06
0.7265 0.941164 0.519796 1.48204e-05 7.27021e-06 7.72615e-06
0.7275 0.941442 0.521054 1.48052e-05 7.2706e-06 7.71362e-06
0.7285 0.94172 0.522314 1.479e-05 7.27099e-06 7.70112e-06
0.7295 0.941997 0.523577 1.47749e-05 7.27138e-06 7.68864e-06
0.7305 0.942274 0.524842 1.47598e-05 7.27178e-06 7.67619e-06
0.7315 0.94255 0.52611 1.47447e-05 7.27217e-06 7.66376e-06
0.7325 0.942825 0.527381 1.47297e-05 7.27256e-06 7.65136e-06
0.7335 0.9431 0.528654 1.47147e-05 7.27294e-06 7.63899e-06
0.7345 0.943374 0.52993 1.46997e-05 7.27333e-06 7.62663e-06
0.7355 0.943648 0.531209 1.46848e-05 7.27372e-06 7.61431e-06
0.7365 0.943921 0.53249 1.46698e-05 7.27411e-06 7.60201e-06
0.7375 0.944193 0.533775 1.4655e-05 7.27449e-06 7.58973e-06
0.7385 0.944465 0.535061 1.46401e-05 7.27488e-06 7.57748e-06
0.7395 0.944736 0.536351 1.46253e-05 7.27526e-06 7.56526e-06
0.7405 0.945007 0.537643 1.46105e-05 7.27564e-06 7.55305e-06
0.7415 0.945277 0.538938 1.45957e-05 7.27603e-06 7.54088e-06
0.7425 0.945547 0.540236 1.4581e-05 7.27641e-06 7.52873e-06
0.7435 0.945816 0.541536 1.45663e-05 7.27679e-06 7.5166e-06
0.7445 0.946084 0.54284 1.45516e-05 7.27717e-06 7.5045e-06
0.7455 0.946352 0.544146 1.45369e-05 7.27755e-06 7.49242e-06
0.7465 0.94662 0.545454 1.45223e-05 7.27793e-06 7.48036e-06
0.7475 0.946886 0.546766 1.45077e-05 7.2783e-06 7.46833e-06
0.7485 0.947152 0.54808 1.44932e-05 7.27868e-06 7.45633e-06
0.7495 0.947418 0.549398 1.44787e-05 7.27906e-06 7.44434e-06
0.7505 0.947683 0.550718 1.44642e-05 7.27943e-06 7.43239e-06
0.7515 0.947948 0.55204 1.44497e-05 7.27981e-06 7.42045e-06
0.7525 0.948212 0.553366 1.44352e-05 7.28018e-06 7.40854e-06
0.7535 0.948475 0.554694 1.44208e-05 7.28056e-06 7.39665e-06
0.7545 0.948738 0.556026 1.44064e-05 7.28093e-06 7.38479e-06
0.7555 0.949 0.55736 1.43921e-05 7.2813e-06 7.37295e-06
0.7565 0.949262 0.558697 1.43778e-05 7.28167e-06 7.36114e-06
0.7575 0.949523 0.560037 1.43635e-05 7.28204e-06 7.34935e-06
0.7585 0.949784 0.56138 1.43492e-05 7.28241e-06 7.33758e-06
0.7595 0.950044 0.562725 1.43349e-05 7.28278e-06 7.32583e-06
0.7605 0.950303 0.564074 1.43207e-05 7.28315e-06 7.31411e-06
0.7615 0.950562 0.565425 1.43065e-05 7.28352e-06 7.30241e-06
0.7625 0.950821 0.56678 1.42924e-05 7.28388e-06 7.29074e-06
0.7635 0.951079 0.568137 1.42783e-05 7.28425e-06 7.27908e-06
0.7645 0.951336 0.569497 1.42642e-05 7.28461e-06 7.26745e-06
0.7655 0.951593 0.570861 1.42501e-05 7.28498e-06 7.25585e-06
0.7665 0.951849 0.572227 1.4236e-05 7.28534e-06 7.24426e-06
0.7675 0.952105 0.573596 1.4222e-05 7.2857e-06 7.2327e-06
0.7685 0.952361 0.574968 1.4208e-05 7.28607e-06 7.22116e-06
0.7695 0.952615 0.576343 1.41941e-05 7.28643e-06 7.20965e-06
0.7705 0.95287 0.577721 1.41801e-05 7.28679e-06 7.19816e-06
0.7715 0.953123 0.579102 1.41662e-05 7.28715e-06 7.18669e-06
0.7725 0.953376 0.580487 1.41523e-05 7.28751e-06 7.17524e-06
0.7735 0.953629 0.581874 1.41385e-05 7.28787e-06 7.16381e-06
0.7745 0.953881 0.583264 1.41247e-05 7.28823e-06 7.15241e-06
0.7755 0.954133 0.584657 1.41109e-05 7.28858e-06 7.14103e-06
0.7765 0.954384 0.586054 1.40971e-05 7.28894e-06 7.12967e-06
0.7775 0.954635 0.587453 1.40833e-05 7.2893e-06 7.11834e-06
0.7785 0.954885 0.588855 1.40696e-05 7.28965e-06 7.10702e-06
0.7795 0.955134 0.590261 1.40559e-05 7.29001e-06 7.09573e-06
0.7805 0.955383 0.59167 1.40423e-05 7.29036e-06 7.08446e-06
0.7815 0.955632 0.593081 1.40286e-05 7.29071e-06 7.07321e-06
0.7825 0.95588 0.594496 1.4015e-05 7.29107e-06 7.06198e-06
0.7835 0.956127 0.595914 1.40014e-05 7.29142e-06 7.05078e-06
0.7845 0.956374 0.597335 1.39879e-05 7.29177e-06 7.0396e-06
0.7855 0.956621 0.59876 1.39743e-05 7.29212e-06 7.02843e-06
0.7865 0.956867 0.600187 1.39608e-05 7.29247e-06 7.01729e-06
0.7875 0.957113 0.601618 1.39473e-05 7.29282e-06 7.00618e-06
0.7885 0.957358 0.603052 1.39339e-05 7.29317e-06 6.99508e-06
0.7895 0.957602 0.604489 1.39204e-05 7.29352e-06 6.984e-06
0.7905 0.957846 0.605929 1.3907e-05 7.29386e-06 6.97295e-06
0.7915 0.95809 0.607372 1.38937e-05 7.29421e-06 6.96192e-06
0.7925 0.958333 0.608819 1.38803e-05 7.29456e-06 6.95091e-06
0.7935 0.958575 0.610269 1.3867e-05 7.2949e-06 6.93991e-06
0.7945 0.958818 0.611722 1.38537e-05 7.29525e-06 6.92895e-06
0.7955 0.959059 0.613178 1.38404e-05 7.29559e-06 6.918e-06
0.7965 0.9593 0.614638 1.38271e-05 7.29593e-06 6.90707e-06
0.7975 0.959541 0.616101 1.38139e-05 7.29628e-06 6.89616e-06
0.7985 0.959781 0.617567 1.38007e-05 7.29662e-06 6.88528e-06
0.7995 0.960021 0.619037 1.37875e-05 7.29696e-06 6.87441e-06
0.8005 0.96026 0.62051 1.37744e-05 7.2973e-06 6.86357e-06
0.8015 0.960499 0.621986 1.37613e-05 7.29764e-06 6.85274e-06
0.8025 0.960737 0.623465 1.37482e-05 7.29798e-06 6.84194e-06
0.8035 0.960975 0.624948 1.37351e-05 7.29832e-06 6.83116e-06
0.8045 0.961212 0.626434 1.3722e-05 7.29865e-06 6.8204e-06
0.8055 0.961449 0.627924 1.3709e-05 7.29899e-06 6.80966e-06
0.8065 0.961685 0.629417 1.3696e-05 7.29933e-06 6.79894e-06
0.8075 0.961921 0.630913 1.3683e-05 7.29967e-06 6.78823e-06
0.8085 0.962156 0.632413 1.36701e-05 7.3e-06 6.77755e-06
0.8095 0.962391 0.633916 1.36572e-05 7.30034e-06 6.76689e-06
0.8105 0.962626 0.635423 1.36443e-05 7.30067e-06 6.75625e-06
0.8115 0.96286 0.636933 1.36314e-05 7.301e-06 6.74563e-06
0.8125 0.963093 0.638446 1.36185e-05 7.30134e-06 6.73503e-06
0.8135 0.963326 0.639963 1.36057e-05 7.30167e-06 6.72445e-06
0.8145 0.963559 0.641484 1.35929e-05 7.302e-06 6.71389e-06
0.8155 0.963791 0.643007 1.35801e-05 7.30233e-06 6.70335e-06
0.8165 0.964023 0.644535 1.35674e-05 7.30266e-06 6.69283e-06
0.8175 0.964254 0.646066 1.35546e-05 7.30299e-06 6.68233e-06
0.8185 0.964485 0.6476 1.35419e-05 7.30332e-06 6.67185e-06
0.8195 0.964715 0.649138 1.35292e-05 7.30365e-06 6.66139e-06
0.8205 0.964945 0.65068 1.35166e-05 7.30398e-06 6.65095e-06
0.8215 0.965175 0.652225 1.35039e-05 7.3043e-06 6.64052e-06
0.8225 0.965404 0.653773 1.34913e-05 7.30463e-06 6.63012e-06
0.8235 0.965632 0.655326 1.34787e-05 7.30496e-06 6.61974e-06
0.8245 0.96586 0.656881 1.34662e-05 7.30528e-06 6.60937e-06
0.8255 0.966088 0.658441 1.34536e-05 7.30561e-06 6.59903e-06
0.8265 0.966315 0.660004 1.34411e-05 7.30593e-06 6.5887e-06
0.8275 0.966542 0.661571 1.34286e-05 7.30626e-06 6.5784e-06
0.8285 0.966768 0.663141 1.34161e-05 7.30658e-06 6.56811e-06
0.8295 0.966994 0.664715 1.34037e-05 7.3069e-06 6.55784e-06
0.8305 0.96722 0.666293 1.33912e-05 7.30722e-06 6.54759e-06
0.8315 0.967445 0.667874 1.33788e-05 7.30754e-06 6.53736e-06
0.8325 0.967669 0.669459 1.33665e-05 7.30787e-06 6.52715e-06
0.8335 0.967893 0.671048 1.33541e-05 7.30819e-06 6.51696e-06
0.8345 0.968117 0.67264 1.33418e-05 7.3085e-06 6.50679e-06
0.8355 0.96834 0.674236 1.33294e-05 7.30882e-06 6.49663e-06
0.8365 0.968563 0.675836 1.33172e-05 7.30914e-06 6.4865e-06
0.8375 0.968786 0.67744 1.33049e-05 7.30946e-06 6.47638e-06
0.8385 0.969008 0.679048 1.32926e-05 7.30978e-06 6.46628e-06
0.8395 0.969229 0.680659 1.32804e-05 7.31009e-06 6.4562e-06
0.8405 0.96945 0.682274 1.32682e-05 7.31041e-06 6.44614e-06
0.8415 0.969671 0.683893 1.3256e-05 7.31073e-06 6.4361e-06
0.8425 0.969891 0.685516 1.32439e-05 7.31104e-06 6.42607e-06
0.8435 0.970111 0.687142 1.32317e-05 7.31135e-06 6.41607e-06
0.8445 0.970331 0.688773 1.32196e-05 7.31167e-06 6.40608e-06
0.8455 0.97055 0.690407 1.32075e-05 7.31198e-06 6.39611e-06
0.8465 0.970768 0.692045 1.31955e-05 7.31229e-06 6.38616e-06
0.8475 0.970986 0.693687 1.31834e-05 7.31261e-06 6.37622e-06
0.8485 0.971204 0.695334 1.31714e-05 7.31292e-06 6.36631e-06
0.8495 0.971422 0.696983 1.31594e-05 7.31323e-06 6.35641e-06
0.8505 0.971638 0.698637 1.31474e-05 7.31354e-06 6.34653e-06
0.8515 0.971855 0.700295 1.31355e-05 7.31385e-06 6.33667e-06
0.8525 0.972071 0.701957 1.31235e-05 7.31416e-06 6.32683e-06
0.8535 0.972287 0.703623 1.31116e-05 7.31447e-06 6.317e-06
0.8545 0.972502 0.705293 1.30997e-05 7.31477e-06 6.3072e-06
0.8555 0.972717 0.706966 1.30879e-05 7.31508e-06 6.29741e-06
0.8565 0.972931 0.708644 1.3076e-05 7.31539e-06 6.28763e-06
0.8575 0.973146 0.710326 1.30642e-05 7.31569e-06 6.27788e-06
0.8585 0.973359 0.712012 1.30524e-05 7.316e-06 6.26814e-06
0.8595 0.973572 0.713702 1.30406e-05 7.31631e-06 6.25842e-06
0.8605 0.973785 0.715396 1.30288e-05 7.31661e-06 6.24872e-06
0.8615 0.973998 0.717094 1.30171e-05 7.31691e-06 6.23904e-06
0.8625 0.97421 0.718797 1.30054e-05 7.31722e-06 6.22937e-06
0.8635 0.974421 0.720503 1.29937e-05 7.31752e-06 6.21972e-06
0.8645 0.974633 0.722214 1.2982e-05 7.31782e-06 6.21009e-06
0.8655 0.974844 0.723928 1.29703e-05 7.31813e-06 6.20048e-06
0.8665 0.975054 0.725647 1.29587e-05 7.31843e-06 6.19088e-06
0.8675 0.975264 0.727371 1.29471e-05 7.31873e-06 6.1813e-06
0.8685 0.975474 0.729098 1.29355e-05 7.31903e-06 6.17174e-06
0.8695 0.975683 0.730829 1.29239e-05 7.31933e-06 6.16219e-06
0.8705 0.975892 0.732565 1.29123e-05 7.31963e-06 6.15266e-06
0.8715 0.976101 0.734305 1.29008e-05 7.31993e-06 6.14315e-06
0.8725 0.976309 0.736049 1.28893e-05 7.32022e-06 6.13365e-06
0.8735 0.976516 0.737798 1.28778e-05 7.32052e-06 6.12418e-06
0.8745 0.976724 0.739551 1.28663e-05 7.32082e-06 6.11472e-06
0.8755 0.976931 0.741308 1.28549e-05 7.32112e-06 6.10527e-06
0.8765 0.977137 0.74307 1.28434e-05 7.32141e-06 6.09584e-06
0.8775 0.977343 0.744836 1.2832e-05 7.32171e-06 6.08643e-06
0.8785 0.977549 0.746606 1.28206e-05 7.322e-06 6.07704e-06
0.8795 0.977755 0.74838 1.28093e-05 7.3223e-06 6.06766e-06
0.8805 0.97796 0.750159 1.27979e-05 7.32259e-06 6.0583e-06
0.8815 0.978164 0.751943 1.27866e-05 7.32288e-06 6.04896e-06
0.8825 0.978369 0.753731 1.27753e-05 7.32318e-06 6.03963e-06
0.8835 0.978573 0.755523 1.2764e-05 7.32347e-06 6.03032e-06
0.8845 0.978776 0.75732 1.27527e-05 7.32376e-06 6.02103e-06
0.8855 0.978979 0.759121 1.27415e-05 7.32405e-06 6.01175e-06
0.8865 0.979182 0.760927 1.27302e-05 7.32434e-06 6.00249e-06
0.8875 0.979384 0.762737 1.2719e-05 7.32463e-06 5.99324e-06
0.8885 0.979586 0.764552 1.27078e-05 7.32492e-06 5.98401e-06
0.8895 0.979788 0.766371 1.26967e-05 7.32521e-06 5.9748e-06
0.8905 0.979989 0.768195 1.26855e-05 7.3255e-06 5.9656e-06
0.8915 0.98019 0.770024 1.26744e-05 7.32579e-06 5.95642e-06
0.8925 0.980391 0.771857 1.26633e-05 7.32608e-06 5.94726e-06
0.8935 0.980591 0.773694 1.26522e-05 7.32637e-06 5.93811e-06
0.8945 0.980791 0.775537 1.26411e-05 7.32665e-06 5.92898e-06
0.8955 0.98099 0.777384 1.263e-05 7.32694e-06 5.91986e-06
0.8965 0.981189 0.779235 1.2619e-05 7.32723e-06 5.91076e-06
0.8975 0.981388 0.781092 1.2608e-05 7.32751e-06 5.90167e-06
0.8985 0.981587 0.782953 1.2597e-05 7.3278e-06 5.89261e-06
0.8995 0.981785 0.784819 1.2586e-05 7.32808e-06 5.88355e-06
0.9005 0.981982 0.786689 1.25751e-05 7.32836e-06 5.87452e-06
0.9015 0.98218 0.788564 1.25641e-05 7.32865e-06 5.86549e-06
0.9025 0.982376 0.790444 1.25532e-05 7.32893e-06 5.85649e-06
0.9035 0.982573 0.792329 1.25423e-05 7.32921e-06 5.8475e-06
0.9045 0.982769 0.794219 1.25314e-05 7.32949e-06 5.83852e-06
0.9055 0.982965 0.796113 1.25205e-05 7.32978e-06 5.82956e-06
0.9065 0.983161 0.798013 1.25097e-05 7.33006e-06 5.82062e-06
0.9075 0.983356 0.799917 1.24989e-05 7.33034e-06 5.81169e-06
0.9085 0.983551 0.801826 1.24881e-05 7.33062e-06 5.80278e-06
0.9095 0.983745 0.80374 1.24773e-05 7.3309e-06 5.79388e-06
0.9105 0.983939 0.805659 1.24665e-05 7.33118e-06 5.785e-06
0.9115 0.984133 0.807583 1.24558e-05 7.33145e-06 5.77613e-06
0.9125 0.984326 0.809511 1.2445e-05 7.33173e-06 5.76728e-06
0.9135 0.984519 0.811445 1.24343e-05 7.33201e-06 5.75845e-06
0.9145 0.984712 0.813384 1.24236e-05 7.33229e-06 5.74963e-06
0.9155 0.984904 0.815328 1.24129e-05 7.33256e-06 5.74082e-06
0.9165 0.985096 0.817277 1.24023e-05 7.33284e-06 5.73203e-06
0.9175 0.985288 0.819231 1.23916e-05 7.33311e-06 5.72325e-06
0.9185 0.985479 0.82119 1.2381e-05 7.33339e-06 5.71449e-06
0.9195 0.98567 0.823154 1.23704e-05 7.33366e-06 5.70575e-06
0.9205 0.985861 0.825123 1.23598e-05 7.33394e-06 5.69702e-06
0.9215 0.986051 0.827097 1.23493e-05 7.33421e-06 5.6883e-06
0.9225 0.986241 0.829077 1.23387e-05 7.33449e-06 5.6796e-06
0.9235 0.986431 0.831062 1.23282e-05 7.33476e-06 5.67092e-06
0.9245 0.98662 0.833051 1.23177e-05 7.33503e-06 5.66225e-06
0.9255 0.986809 0.835047 1.23072e-05 7.3353e-06 5.65359e-06
0.9265 0.986998 0.837047 1.22967e-05 7.33557e-06 5.64495e-06
0.9275 0.987186 0.839053 1.22862e-05 7.33585e-06 5.63632e-06
0.9285 0.987374 0.841063 1.22758e-05 7.33612e-06 5.62771e-06
0.9295 0.987562 0.84308 1.22654e-05 7.33639e-06 5.61911e-06
0.9305 0.987749 0.845101 1.22549e-05 7.33666e-06 5.61053e-06
0.9315 0.987936 0.847128 1.22446e-05 7.33692e-06 5.60196e-06
0.9325 0.988123 0.84916 1.22342e-05 7.33719e-06 5.59341e-06
0.9335 0.988309 0.851198 1.22238e-05 7.33746e-06 5.58487e-06
0.9345 0.988495 0.853241 1.22135e-05 7.33773e-06 5.57634e-06
0.9355 0.98868 0.85529 1.22032e-05 7.338e-06 5.56783e-06
0.9365 0.988866 0.857344 1.21929e-05 7.33826e-06 5.55934e-06
0.9375 0.989051 0.859403 1.21826e-05 7.33853e-06 5.55086e-06
0.9385 0.989235 0.861468 1.21723e-05 7.3388e-06 5.54239e-06
0.9395 0.98942 0.863538 1.21621e-05 7.33906e-06 5.53394e-06
0.9405 0.989604 0.865614 1.21518e-05 7.33933e-06 5.5255e-06
0.9415 0.989787 0.867696 1.21416e-05 7.33959e-06 5.51707e-06
0.9425 0.989971 0.869783 1.21314e-05 7.33985e-06 5.50866e-06
0.9435 0.990154 0.871876 1.21212e-05 7.34012e-06 5.50026e-06
0.9445 0.990337 0.873974 1.21111e-05 7.34038e-06 5.49188e-06
0.9455 0.990519 0.876078 1.21009e-05 7.34064e-06 5.48351e-06
0.9465 0.990701 0.878188 1.20908e-05 7.34091e-06 5.47516e-06
0.9475 0.990883 0.880303 1.20807e-05 7.34117e-06 5.46682e-06
0.9485 0.991064 0.882424 1.20706e-05 7.34143e-06 5.45849e-06
0.9495 0.991245 0.884551 1.20605e-05 7.34169e-06 5.45018e-06
